##FastQC	0.11.2
>>Basic Statistics	pass
#Measure	Value
Filename	Sample-2_1.fastq
File type	Conventional base calls
Encoding	Sanger / Illumina 1.9
Total Sequences	17577648
Sequences flagged as poor quality	0
Sequence length	35-301
%GC	54
>>END_MODULE
>>Per base sequence quality	fail
#Base	Mean	Median	Lower Quartile	Upper Quartile	10th Percentile	90th Percentile
1	33.54170233696795	34.0	34.0	34.0	34.0	34.0
2	32.63020024066929	34.0	34.0	34.0	33.0	34.0
3	32.316938250214136	34.0	34.0	34.0	31.0	34.0
4	33.22374136744575	34.0	34.0	34.0	33.0	34.0
5	33.50521929896423	34.0	34.0	34.0	34.0	34.0
6	37.33912830658573	38.0	38.0	38.0	37.0	38.0
7	37.51750035044507	38.0	38.0	38.0	37.0	38.0
8	37.48783494811138	38.0	38.0	38.0	37.0	38.0
9	37.45676224714478	38.0	38.0	38.0	37.0	38.0
10-14	37.390316053660875	38.0	38.0	38.0	37.0	38.0
15-19	37.35575141793714	38.0	38.0	38.0	37.0	38.0
20-24	36.79192481269394	38.0	38.0	38.0	35.2	38.0
25-29	35.376644645517985	38.0	37.0	38.0	30.4	38.0
30-34	35.245203886208216	38.0	36.8	38.0	27.6	38.0
35-39	35.04862800702543	38.0	36.6	38.0	25.8	38.0
40-44	36.601900777725845	38.0	37.4	38.0	33.2	38.0
45-49	37.1102139513574	38.0	38.0	38.0	36.0	38.0
50-54	37.01542559638055	38.0	38.0	38.0	36.0	38.0
55-59	36.72518710960678	38.0	38.0	38.0	34.8	38.0
60-64	36.95034074760281	38.0	38.0	38.0	35.6	38.0
65-69	36.845424691563096	38.0	38.0	38.0	35.0	38.0
70-74	35.43822373821354	38.0	36.6	38.0	25.8	38.0
75-79	36.75148703794069	38.0	37.4	38.0	34.8	38.0
80-84	36.640800701350486	38.0	37.0	38.0	34.2	38.0
85-89	34.63244201700906	38.0	35.4	38.0	23.2	38.0
90-94	33.929854909686355	38.0	35.2	38.0	21.2	38.0
95-99	34.53634274234193	38.0	35.0	38.0	23.2	38.0
100-104	34.07610232883128	38.0	36.0	38.0	20.0	38.0
105-109	35.64209432360259	38.0	36.0	38.0	31.0	38.0
110-114	36.125868313538504	38.0	37.0	38.0	33.2	38.0
115-119	33.94454035987261	38.0	34.6	38.0	21.4	38.0
120-124	35.73664084780516	38.0	37.0	38.0	30.4	38.0
125-129	35.52520460110648	38.0	36.6	38.0	29.8	38.0
130-134	35.68679506362771	38.0	37.0	38.0	30.8	38.0
135-139	35.64066204731568	38.0	37.0	38.0	30.4	38.0
140-144	35.49900294096941	38.0	36.2	38.0	29.4	38.0
145-149	35.00345860509147	38.0	35.8	38.0	27.4	38.0
150-154	33.622693217832044	37.4	33.2	38.0	21.8	38.0
155-159	34.61837720595805	38.0	35.0	38.0	25.4	38.0
160-164	34.755322091882775	38.0	35.0	38.0	25.4	38.0
165-169	34.482255462081966	38.0	34.6	38.0	25.0	38.0
170-174	33.981047443336436	37.6	34.0	38.0	23.6	38.0
175-179	33.94072709447797	37.0	34.0	38.0	23.0	38.0
180-184	33.835507191817214	37.2	34.0	38.0	22.6	38.0
185-189	33.44765121660303	37.0	34.0	38.0	22.0	38.0
190-194	33.07132862554325	37.0	33.0	38.0	21.0	38.0
195-199	32.763248507331305	37.0	31.4	38.0	19.6	38.0
200-204	32.19031762298655	37.0	29.4	38.0	17.2	38.0
205-209	31.745522828437704	36.4	28.2	38.0	15.6	38.0
210-214	31.02521712720405	36.0	26.2	38.0	11.6	38.0
215-219	30.38395526695795	35.4	25.0	38.0	11.0	38.0
220-224	29.863223126160666	34.2	23.8	38.0	11.0	38.0
225-229	29.026783281475854	34.0	23.0	37.2	10.2	38.0
230-234	28.18744672456801	34.0	21.4	37.0	10.0	38.0
235-239	27.370739734192362	31.0	19.2	37.0	10.0	38.0
240-244	26.35996046424823	28.4	16.6	36.2	9.8	38.0
245-249	23.815692132938022	25.0	13.2	34.0	7.6	37.2
250-254	23.58890468200797	24.8	13.4	34.0	9.0	37.0
255-259	22.423755940538026	23.2	11.0	31.4	9.0	36.0
260-264	21.249401061426568	22.0	11.0	28.0	9.0	35.0
265-269	20.438706443215523	18.4	11.0	27.0	9.0	34.0
270-274	19.681608772221573	17.2	11.0	26.6	9.0	34.0
275-279	19.11860782660865	17.0	11.0	26.0	9.0	34.0
280-284	18.504880886738352	17.0	11.0	25.4	9.0	32.8
285-289	18.06691195969146	16.2	11.0	25.0	9.0	32.0
290-294	17.772767221348527	15.4	10.6	25.0	9.0	31.4
295-299	17.504897693795947	15.0	10.0	25.0	9.0	31.0
300-301	16.7521690430613	14.5	9.5	23.0	9.0	30.0
>>END_MODULE
>>Per tile sequence quality	fail
#Tile	Base	Mean
2112	1	-0.026708706633641555
2112	2	1.2556759757014149
2112	3	1.5465131335747486
2112	4	0.5968912835249469
2112	5	0.30165275960982996
2112	6	0.14978594845558035
2112	7	-0.048574905637217114
2112	8	-0.1669704862518273
2112	9	-0.22422970249090213
2112	10-14	-0.028520200141358032
2112	15-19	-0.2211690255538059
2112	20-24	0.40482280808883075
2112	25-29	-8.567539233947258
2112	30-34	-10.3695470877732
2112	35-39	1.72895723012887
2112	40-44	-0.2643652439748294
2112	45-49	-0.059147387003200436
2112	50-54	-0.26503234713544543
2112	55-59	-0.07808033455381747
2112	60-64	-0.47348081567908906
2112	65-69	-1.0845760519528582
2112	70-74	0.6701417741450726
2112	75-79	-0.7217455096203622
2112	80-84	-0.8064911669315151
2112	85-89	0.8586336670167967
2112	90-94	1.6314891084704826
2112	95-99	0.6472830929768136
2112	100-104	1.1976564683224495
2112	105-109	-0.26352340691028786
2112	110-114	-1.0070345046094502
2112	115-119	-5.998230114655016
2112	120-124	-5.524728706073233
2112	125-129	-0.5129211786251275
2112	130-134	-0.5222843010576099
2112	135-139	-0.7546298228696813
2112	140-144	-0.6134804801488016
2112	145-149	-2.130292703077579
2112	150-154	-1.248852491087952
2112	155-159	0.03326978310511208
2112	160-164	-0.3470584639632648
2112	165-169	-0.6802268069576414
2112	170-174	-0.4617380845286547
2112	175-179	-0.2628358499137775
2112	180-184	-0.5966999055948037
2112	185-189	-0.7943622018790393
2112	190-194	-0.4715998606404668
2112	195-199	-0.8892600541433424
2112	200-204	-0.8983506389197835
2112	205-209	-0.9020136794378111
2112	210-214	-0.8616432985907352
2112	215-219	-1.5354651583710748
2112	220-224	-1.4340419542678298
2112	225-229	-1.464734920887235
2112	230-234	-1.840355202801895
2112	235-239	-1.6869962547969592
2112	240-244	-1.375391198746474
2112	245-249	-0.18521988029865
2112	250-254	-1.2512190039326043
2112	255-259	-0.9759775620257649
2112	260-264	-0.7100970701981311
2112	265-269	-0.6108062614371441
2112	270-274	-0.6512727279623363
2112	275-279	-0.5748253621857273
2112	280-284	-0.6139170875788587
2112	285-289	-0.9364771577875359
2112	290-294	-1.2059095110585893
2112	295-299	-1.2702448444014713
2112	300-301	-1.8504426920942159
2113	1	0.02018821727774167
2113	2	1.049283368856166
2113	3	1.2261561363537226
2113	4	0.5790630630065152
2113	5	0.12416054805821375
2113	6	0.253293466976487
2113	7	-0.3528354386198984
2113	8	0.08343852007827479
2113	9	0.1356437558101149
2113	10-14	0.0840972328166032
2113	15-19	0.15759658484812888
2113	20-24	0.8567702154858097
2113	25-29	1.2835316308647435
2113	30-34	0.37664546072235794
2113	35-39	1.366757226111332
2113	40-44	0.3177876065867835
2113	45-49	0.06385159723475908
2113	50-54	0.20409362859411573
2113	55-59	0.14036610930135396
2113	60-64	0.23209084054202833
2113	65-69	0.39050990632753724
2113	70-74	1.391648750230786
2113	75-79	0.21583039712006524
2113	80-84	0.3608918764739073
2113	85-89	0.9191024027548238
2113	90-94	2.9399994779851326
2113	95-99	2.0847313021045295
2113	100-104	2.620413150231208
2113	105-109	0.929592938514638
2113	110-114	0.5655049711708102
2113	115-119	2.5073285200171824
2113	120-124	0.6271314007155908
2113	125-129	0.9096923555691703
2113	130-134	0.5143651977937793
2113	135-139	0.27950767082799644
2113	140-144	0.2306264987830886
2113	145-149	0.8293602225582148
2113	150-154	1.8910284499075587
2113	155-159	0.748781104727918
2113	160-164	0.38657441362813216
2113	165-169	0.44426297275508375
2113	170-174	0.7399542560304013
2113	175-179	0.49337510260296114
2113	180-184	0.33594006949681443
2113	185-189	0.6994678669485381
2113	190-194	0.7095474611642985
2113	195-199	0.5925817618995239
2113	200-204	0.7846690173763733
2113	205-209	0.729459508673731
2113	210-214	0.8832590992191705
2113	215-219	0.8679590201454488
2113	220-224	0.7420765388555104
2113	225-229	0.9860768613354587
2113	230-234	0.9240252304496295
2113	235-239	0.9143407917694191
2113	240-244	1.4115644928122677
2113	245-249	2.472939002238121
2113	250-254	1.4598506392157802
2113	255-259	0.9552492034937927
2113	260-264	0.885251027773041
2113	265-269	0.5221154658829974
2113	270-274	0.6237912027419448
2113	275-279	0.4506986194340783
2113	280-284	-0.027787511625678718
2113	285-289	-0.0021751748741856147
2113	290-294	0.032560766944644826
2113	295-299	0.11265027325898913
2113	300-301	-0.49694316767769564
2114	1	0.08465183143248822
2114	2	1.0675237931561767
2114	3	1.3145611128958592
2114	4	0.24192252428593974
2114	5	0.14745847176374838
2114	6	0.10258246804932725
2114	7	0.10409860565708584
2114	8	0.15183653006556597
2114	9	0.09038952784377585
2114	10-14	0.025899461814695712
2114	15-19	0.08224136665137394
2114	20-24	0.8048751741719258
2114	25-29	2.1748596209026516
2114	30-34	-7.48395678435692
2114	35-39	-5.882153649012196
2114	40-44	-3.145141054774207
2114	45-49	0.19566111439223732
2114	50-54	-0.010168852349139001
2114	55-59	0.47746388999711087
2114	60-64	0.20290096357663145
2114	65-69	0.24767666912784136
2114	70-74	-9.390244015188799
2114	75-79	0.10981662908225331
2114	80-84	0.317340136962315
2114	85-89	-8.451394273677906
2114	90-94	2.036070761079422
2114	95-99	2.222591113266212
2114	100-104	2.738705917873645
2114	105-109	0.7132691888519958
2114	110-114	0.45947787103903437
2114	115-119	2.5526484529268387
2114	120-124	0.337416867889587
2114	125-129	0.882526845684886
2114	130-134	0.4595256303217141
2114	135-139	0.26373645394146195
2114	140-144	0.25838600046943583
2114	145-149	0.79376378694068
2114	150-154	1.7507224172287223
2114	155-159	0.8183024681516002
2114	160-164	0.46630146157087893
2114	165-169	0.5272268263395432
2114	170-174	0.6089943421118207
2114	175-179	0.6595895221483019
2114	180-184	0.488791737767464
2114	185-189	0.2557283327179789
2114	190-194	0.22189809856713794
2114	195-199	0.5481340791395937
2114	200-204	0.6626134554588461
2114	205-209	0.5928761999123928
2114	210-214	0.619297227241919
2114	215-219	0.5927465565372607
2114	220-224	0.37818152097129953
2114	225-229	0.5230546954014663
2114	230-234	0.8745081533477297
2114	235-239	0.805215507196614
2114	240-244	1.2227041710058657
2114	245-249	2.166801857472194
2114	250-254	1.2868632805608513
2114	255-259	0.7389614504086595
2114	260-264	0.8502010688565953
2114	265-269	0.5526716997822092
2114	270-274	0.4881114323777389
2114	275-279	0.33728153682226036
2114	280-284	0.34476862885894377
2114	285-289	0.20920044542294747
2114	290-294	-0.23499103043318925
2114	295-299	-0.11377198687988965
2114	300-301	-0.3599393756111873
2115	1	0.018557619811190307
2115	2	1.1190861764546938
2115	3	1.1260861295539542
2115	4	0.4548234534191309
2115	5	0.26640386387360593
2115	6	0.31464253487727945
2115	7	0.14558694270125727
2115	8	0.18915290378608773
2115	9	0.011493231306623386
2115	10-14	0.10971559081936988
2115	15-19	0.14081867892143407
2115	20-24	0.7339521927514809
2115	25-29	2.158196345919535
2115	30-34	1.9709057441984967
2115	35-39	-4.770353205755001
2115	40-44	-3.0637803026076043
2115	45-49	0.05725373112141341
2115	50-54	0.17257678084787642
2115	55-59	0.5600846103539183
2115	60-64	0.183607404276124
2115	65-69	-0.04915559963030347
2115	70-74	-9.327099522670686
2115	75-79	0.1707347458509929
2115	80-84	0.21023357763363748
2115	85-89	-8.467116177446911
2115	90-94	2.2468226663180744
2115	95-99	2.318397385489888
2115	100-104	2.7731652561352362
2115	105-109	0.8683026250351773
2115	110-114	0.43387290361086883
2115	115-119	2.456419998188281
2115	120-124	0.6950025303043432
2115	125-129	0.8309450472732465
2115	130-134	0.6072852716619721
2115	135-139	0.4631165317301793
2115	140-144	0.4118383348498682
2115	145-149	0.9507304059804795
2115	150-154	1.9473594953597342
2115	155-159	0.8517663245568272
2115	160-164	0.6623517864194639
2115	165-169	0.48933919142081095
2115	170-174	0.7648210277278196
2115	175-179	0.8792564681148463
2115	180-184	0.49436174576258196
2115	185-189	0.259194867638314
2115	190-194	0.585444722798286
2115	195-199	0.6979342682188587
2115	200-204	0.8835348658096933
2115	205-209	0.8636365035379079
2115	210-214	0.8752539077550203
2115	215-219	1.1816292998501083
2115	220-224	1.051837235705591
2115	225-229	1.1132361629867376
2115	230-234	1.4424358105071668
2115	235-239	1.2815122388487588
2115	240-244	1.2721916362743073
2115	245-249	2.3916249241274343
2115	250-254	1.263965580404566
2115	255-259	0.9385460017670475
2115	260-264	0.7513658365340241
2115	265-269	0.36879582626551155
2115	270-274	-0.1295922938980958
2115	275-279	0.10823891430406363
2115	280-284	-0.10218386679167679
2115	285-289	0.23156515034802538
2115	290-294	0.008741365846962168
2115	295-299	0.009383561721236333
2115	300-301	0.5222329513841295
2116	1	-0.034538140748949786
2116	2	1.18947897526008
2116	3	0.8900168439051797
2116	4	0.4318088469723449
2116	5	0.1836098917874338
2116	6	0.28616120017547786
2116	7	0.1468000472013813
2116	8	-0.06444443877634853
2116	9	0.1483334131681815
2116	10-14	0.14787469539964349
2116	15-19	0.08704170079461448
2116	20-24	0.6717934909678576
2116	25-29	2.2067206338678815
2116	30-34	2.1190011661656314
2116	35-39	-4.7874204658789274
2116	40-44	-3.178860607988831
2116	45-49	0.06118792970219289
2116	50-54	0.07236038120941402
2116	55-59	0.4215826004842782
2116	60-64	0.028407804399066094
2116	65-69	0.23860460877833134
2116	70-74	-9.383685022912218
2116	75-79	0.18370193314381567
2116	80-84	0.11493158278663174
2116	85-89	-0.48350373749811126
2116	90-94	2.7925162540512787
2116	95-99	-8.686824796449926
2116	100-104	2.259509075769806
2116	105-109	0.7878700395491833
2116	110-114	0.47341089569790995
2116	115-119	2.4284479035779114
2116	120-124	0.46455463649560613
2116	125-129	0.7247624928571597
2116	130-134	0.37677891044433665
2116	135-139	0.34298395711189045
2116	140-144	0.2156651886194183
2116	145-149	0.8066264955378131
2116	150-154	1.700793083987655
2116	155-159	0.7099647161651603
2116	160-164	0.41831295732576024
2116	165-169	0.5424815113711432
2116	170-174	0.7936324928826082
2116	175-179	0.7388412127671415
2116	180-184	0.3910429562138944
2116	185-189	0.4369533442353557
2116	190-194	0.6714483090588175
2116	195-199	0.5402698387534528
2116	200-204	0.7123298077805273
2116	205-209	0.7639655122055409
2116	210-214	0.8259253548441059
2116	215-219	0.9778781974349577
2116	220-224	0.941942917648408
2116	225-229	0.9755909198936834
2116	230-234	1.2060925369922089
2116	235-239	0.8955190428014745
2116	240-244	0.8753017246290788
2116	245-249	2.080219562324956
2116	250-254	1.3174213448873147
2116	255-259	0.8542076078902809
2116	260-264	0.6758587142398405
2116	265-269	0.638533353819092
2116	270-274	0.5294503964068049
2116	275-279	-0.20442246260202168
2116	280-284	0.015359328293069296
2116	285-289	-0.07817148644807403
2116	290-294	-0.13831668663841512
2116	295-299	0.228321880755761
2116	300-301	0.7058171922018843
2117	1	0.022354360205198986
2117	2	1.0848179154756963
2117	3	1.1074297641852127
2117	4	0.4415945391064895
2117	5	-0.06698045951708309
2117	6	0.15336033359924528
2117	7	-0.06990213217837749
2117	8	0.11427022697259304
2117	9	0.13974709118214435
2117	10-14	0.15993009366741262
2117	15-19	0.07535689664010192
2117	20-24	0.8684666458013623
2117	25-29	2.1664586678460154
2117	30-34	2.0767363896588336
2117	35-39	2.414538296447681
2117	40-44	0.6848559931315492
2117	45-49	0.050617083961412845
2117	50-54	0.13417161457594773
2117	55-59	0.42921604180777706
2117	60-64	0.17015231036475598
2117	65-69	0.26626124189262157
2117	70-74	-9.295895119353268
2117	75-79	0.09588200221715937
2117	80-84	0.3069499150939592
2117	85-89	2.282784747128794
2117	90-94	2.751431740577182
2117	95-99	-9.012529171944578
2117	100-104	2.476854440678835
2117	105-109	0.8111337613402725
2117	110-114	0.4395038733180172
2117	115-119	2.2107327647797774
2117	120-124	0.5755178721565741
2117	125-129	0.843371893563905
2117	130-134	0.3669761048853175
2117	135-139	0.45891248071205837
2117	140-144	0.6001326887087117
2117	145-149	0.917575051296744
2117	150-154	1.9351813851005062
2117	155-159	0.9182230508109157
2117	160-164	0.5379649932106432
2117	165-169	0.7041214557486128
2117	170-174	0.863464222766055
2117	175-179	0.628630422696034
2117	180-184	0.619327909957974
2117	185-189	0.32501241169865125
2117	190-194	0.44993664575303427
2117	195-199	0.6081465419124541
2117	200-204	0.8441968840995244
2117	205-209	0.9648712957726566
2117	210-214	1.1865649633478128
2117	215-219	1.1989338356930972
2117	220-224	1.1661806127364933
2117	225-229	1.0300608152603807
2117	230-234	1.3225349762920153
2117	235-239	1.0214049325355496
2117	240-244	1.1783727106605824
2117	245-249	2.1614252027858605
2117	250-254	1.1157119654666197
2117	255-259	0.8298618451885424
2117	260-264	0.8940435715298811
2117	265-269	0.6365445469071425
2117	270-274	0.5289486523188671
2117	275-279	0.6226174811655021
2117	280-284	0.4877324060708048
2117	285-289	0.2311001746451673
2117	290-294	0.3242325817502092
2117	295-299	0.23036922251370484
2117	300-301	-0.5680408629135343
2118	1	-0.14891008871769884
2118	2	1.1051137640541668
2118	3	1.4307145903618093
2118	4	0.5682609034462089
2118	5	0.2790159430515047
2118	6	-0.2635229598626978
2118	7	0.10003888922431514
2118	8	0.1767072094286135
2118	9	0.18668604042008496
2118	10-14	-0.03424691530577206
2118	15-19	0.17975318769396864
2118	20-24	0.7808870706238551
2118	25-29	2.164716039769509
2118	30-34	2.0185284551758116
2118	35-39	2.319714235220985
2118	40-44	0.6105163461792245
2118	45-49	0.19940611623557203
2118	50-54	0.1797397773439684
2118	55-59	0.6004468960607454
2118	60-64	0.2746961937317707
2118	65-69	0.31574989987929314
2118	70-74	1.5527413959728662
2118	75-79	0.2424484769735855
2118	80-84	0.3888505449830362
2118	85-89	2.3857983352702306
2118	90-94	2.822246127256271
2118	95-99	-8.769457911871665
2118	100-104	2.3754795735069294
2118	105-109	0.9697167925730596
2118	110-114	0.2510631681761595
2118	115-119	2.5644383417924246
2118	120-124	0.7540999586349741
2118	125-129	0.7702877265116754
2118	130-134	0.4737071302073943
2118	135-139	0.5661987620295434
2118	140-144	0.5835279930695378
2118	145-149	0.8410324940706673
2118	150-154	2.157159138463733
2118	155-159	1.1362062236372026
2118	160-164	0.6904963868526082
2118	165-169	0.6039054817415561
2118	170-174	0.8207532283532615
2118	175-179	0.8847218386323306
2118	180-184	0.7749059079238734
2118	185-189	0.736804467583255
2118	190-194	0.6732341260279924
2118	195-199	0.691221515793373
2118	200-204	0.8860654296232866
2118	205-209	0.7229073848738814
2118	210-214	0.9006708101455807
2118	215-219	0.9234469849925873
2118	220-224	1.260887644878519
2118	225-229	1.2407796881624336
2118	230-234	1.189542011523308
2118	235-239	1.3383259190604022
2118	240-244	1.541022521574078
2118	245-249	2.5448534756379004
2118	250-254	1.3651492175701065
2118	255-259	1.118838109113394
2118	260-264	1.0973878184108194
2118	265-269	1.1717162495337377
2118	270-274	1.0411630678629216
2118	275-279	1.0999859940146912
2118	280-284	0.9497538016272102
2118	285-289	0.700484490188586
2118	290-294	0.5202422603131467
2118	295-299	0.15489958654618263
2118	300-301	-0.3805636045218854
2119	1	0.04007448845328554
2119	2	0.8625064608959292
2119	3	0.7549794082400965
2119	4	0.2602846146150455
2119	5	-0.14022886607116902
2119	6	0.19762467969681552
2119	7	0.17612780944029538
2119	8	0.21285962654480528
2119	9	-0.32878964414161516
2119	10-14	0.11353329966367909
2119	15-19	0.08048157528222788
2119	20-24	0.7978989419370421
2119	25-29	2.0111210313894716
2119	30-34	2.1831551327292047
2119	35-39	2.4665423911404005
2119	40-44	0.6543951383013891
2119	45-49	0.03347852453924105
2119	50-54	0.20383698943157924
2119	55-59	0.576560022084287
2119	60-64	0.3264935120068273
2119	65-69	0.20668133399061617
2119	70-74	1.5334440301048389
2119	75-79	0.3298121801545193
2119	80-84	0.31835745843322627
2119	85-89	2.0173756458271868
2119	90-94	2.699447683218203
2119	95-99	-9.13291634551679
2119	100-104	2.218108624580573
2119	105-109	0.26969280500508575
2119	110-114	0.36242112318469566
2119	115-119	2.637287504713221
2119	120-124	0.8361584156675406
2119	125-129	0.8294282979624725
2119	130-134	0.5281499497397704
2119	135-139	0.5322215535031489
2119	140-144	0.4034960373947669
2119	145-149	0.7740608770131061
2119	150-154	1.9098193099271086
2119	155-159	0.8847265554253241
2119	160-164	0.6357161347898099
2119	165-169	0.39930587266282913
2119	170-174	0.6602510832929767
2119	175-179	0.5661274486732779
2119	180-184	0.6595009874193423
2119	185-189	0.3406963780776735
2119	190-194	0.8822008338240721
2119	195-199	0.6777013293048455
2119	200-204	1.0617036760194338
2119	205-209	0.7071562519801624
2119	210-214	1.1806207912247544
2119	215-219	1.0147936631188337
2119	220-224	1.1628886203933462
2119	225-229	1.1823116649947742
2119	230-234	1.4764861307983175
2119	235-239	1.4580834905023679
2119	240-244	1.5995703912620023
2119	245-249	2.6398647616494273
2119	250-254	1.2047134677096487
2119	255-259	1.2022162887406012
2119	260-264	0.8552597664606871
2119	265-269	0.596158233803294
2119	270-274	0.45093936788238054
2119	275-279	0.2560942896570566
2119	280-284	0.13912359711451927
2119	285-289	0.27581226070405407
2119	290-294	0.07053367664747512
2119	295-299	0.10535822851777255
2119	300-301	0.3245330580424479
1101	1	0.015145953985481242
1101	2	1.130699385896662
1101	3	1.3408914261739682
1101	4	0.5441013568065145
1101	5	0.13326993205620852
1101	6	0.3351269378218902
1101	7	0.2248654745306098
1101	8	-0.18700592659911308
1101	9	0.1617686603834727
1101	10-14	0.13479671454209807
1101	15-19	0.12826798857803823
1101	20-24	0.6148713850891667
1101	25-29	2.121583796994152
1101	30-34	2.237555371623152
1101	35-39	2.365845308538674
1101	40-44	0.661405282205024
1101	45-49	0.23767476931596576
1101	50-54	0.2377008292516365
1101	55-59	0.5886553504021919
1101	60-64	0.09983998172065611
1101	65-69	0.38368223544351565
1101	70-74	1.7175075202396712
1101	75-79	0.21626865261126937
1101	80-84	0.31910762705377493
1101	85-89	2.49506184214912
1101	90-94	2.612733988915288
1101	95-99	2.283106807996681
1101	100-104	2.4144249612224584
1101	105-109	0.5928987047088796
1101	110-114	0.6537045372657957
1101	115-119	2.7203280313150486
1101	120-124	0.47110783641112164
1101	125-129	0.8997528037719462
1101	130-134	0.5025197871876301
1101	135-139	0.576491635043368
1101	140-144	0.5264930473579881
1101	145-149	1.1411946239251662
1101	150-154	2.406954214192922
1101	155-159	1.1148264233827874
1101	160-164	0.4661992506222532
1101	165-169	0.5835878798459433
1101	170-174	1.2584019044539332
1101	175-179	1.345511613487588
1101	180-184	0.6440502610694665
1101	185-189	0.8576426345913717
1101	190-194	0.972928890572355
1101	195-199	0.951064314893614
1101	200-204	1.2002986343881474
1101	205-209	1.0698673161568202
1101	210-214	1.1035996363052476
1101	215-219	1.10166725073109
1101	220-224	1.3221244363377487
1101	225-229	1.433157646314278
1101	230-234	1.2892430700155693
1101	235-239	1.3939575398408373
1101	240-244	1.2983700036223809
1101	245-249	2.725390382236295
1101	250-254	2.0247594691337554
1101	255-259	1.66734698191841
1101	260-264	1.1621736156354991
1101	265-269	0.950180668758577
1101	270-274	0.7623300469349239
1101	275-279	0.6856558022719383
1101	280-284	0.6996895526538154
1101	285-289	0.3727051762847715
1101	290-294	0.545144155428499
1101	295-299	0.6845492729274127
1101	300-301	0.37472301784423934
1102	1	-0.02989197759499973
1102	2	1.147530013485607
1102	3	1.2247858448503948
1102	4	0.1546826377703141
1102	5	-0.03476642427235532
1102	6	0.22992549529379858
1102	7	-0.17030288106909808
1102	8	0.039294407367187034
1102	9	0.1576160163327387
1102	10-14	0.15749179966060467
1102	15-19	0.0025790146107524947
1102	20-24	0.7598503014453541
1102	25-29	2.283244232448837
1102	30-34	2.1414345478636108
1102	35-39	2.268681596618997
1102	40-44	0.7064156974939806
1102	45-49	0.31053421300666884
1102	50-54	0.23879424762447599
1102	55-59	0.357755182517721
1102	60-64	0.04906593979536211
1102	65-69	0.38366419133541285
1102	70-74	1.285901189616304
1102	75-79	0.18976439261295042
1102	80-84	0.31125796873971723
1102	85-89	2.2784110524549988
1102	90-94	2.838051184039948
1102	95-99	2.1895395798860093
1102	100-104	2.6245608932234674
1102	105-109	0.9598538280230784
1102	110-114	0.516493366795622
1102	115-119	2.548588058092541
1102	120-124	0.6553117574524379
1102	125-129	0.9002267501995505
1102	130-134	0.6647753074383971
1102	135-139	0.2397248114671484
1102	140-144	0.28928264884554267
1102	145-149	0.8873708518575469
1102	150-154	2.227838759671691
1102	155-159	0.7900004489027026
1102	160-164	0.4010558488018745
1102	165-169	0.6396363412110233
1102	170-174	1.0036657115738237
1102	175-179	0.975322176225518
1102	180-184	0.8105684925652881
1102	185-189	0.8657543824872249
1102	190-194	0.8610379049494838
1102	195-199	0.7427485614393277
1102	200-204	0.8995514786407597
1102	205-209	0.8464652230837224
1102	210-214	1.0412565751829064
1102	215-219	1.0919419393046397
1102	220-224	1.1161147225142436
1102	225-229	1.3709975938814658
1102	230-234	1.2804428307394033
1102	235-239	1.3589709250631792
1102	240-244	1.5382472059786068
1102	245-249	2.6093324434442557
1102	250-254	1.8063683004179296
1102	255-259	1.333822339481678
1102	260-264	0.8513502452989741
1102	265-269	0.6189807431757259
1102	270-274	0.54974319228036
1102	275-279	0.44943322932483554
1102	280-284	0.15867367242312014
1102	285-289	0.22716939977023998
1102	290-294	0.388810098283777
1102	295-299	0.6040979942387601
1102	300-301	-0.11848102172350394
1103	1	0.0762500247194211
1103	2	0.8945914350661539
1103	3	1.2991191251881204
1103	4	0.49113206325650793
1103	5	0.1671947001362497
1103	6	-0.02793293584936407
1103	7	0.13225043466901099
1103	8	0.08163654769360562
1103	9	0.1873296212490203
1103	10-14	0.014181662838836928
1103	15-19	0.15544538991537138
1103	20-24	0.7116752655665906
1103	25-29	2.1460623605677114
1103	30-34	1.672141605383068
1103	35-39	2.401685509027864
1103	40-44	0.680314396235616
1103	45-49	0.10064160473543637
1103	50-54	0.22880654830501612
1103	55-59	0.48147541517909076
1103	60-64	0.21632544011782073
1103	65-69	0.2649074587295672
1103	70-74	1.043558751923392
1103	75-79	0.12494575519723128
1103	80-84	0.2830678464234708
1103	85-89	2.283184900500075
1103	90-94	2.506392589384461
1103	95-99	2.2240701600725146
1103	100-104	2.7188069036981446
1103	105-109	1.0186649575245639
1103	110-114	0.29825297930998573
1103	115-119	2.4521230780437406
1103	120-124	0.639851101442126
1103	125-129	0.6990351961049655
1103	130-134	0.562527487589378
1103	135-139	0.2870476807109341
1103	140-144	0.4833637440158256
1103	145-149	0.8169555676142082
1103	150-154	2.0198712301858706
1103	155-159	0.8169939826320558
1103	160-164	0.3975442624735379
1103	165-169	0.6109704926171702
1103	170-174	0.8585451738283751
1103	175-179	0.7140706756652264
1103	180-184	0.53386910999766
1103	185-189	0.618011308397513
1103	190-194	0.5864456437092542
1103	195-199	0.8844729207719411
1103	200-204	0.5109828938166601
1103	205-209	0.8233471836003083
1103	210-214	0.5899164555936487
1103	215-219	0.6436177736202957
1103	220-224	0.8530156600208514
1103	225-229	1.0710057339327754
1103	230-234	0.9625867721352321
1103	235-239	1.160931890662507
1103	240-244	1.298759956373985
1103	245-249	2.415766109233175
1103	250-254	1.1427771395836572
1103	255-259	0.9339701989115561
1103	260-264	0.6371799719535005
1103	265-269	0.44020549348519467
1103	270-274	0.550809022218413
1103	275-279	0.3518563287267824
1103	280-284	0.3960482233626976
1103	285-289	0.36227043201644094
1103	290-294	0.6014414402518611
1103	295-299	0.3768538857829533
1103	300-301	0.6535216403140396
1104	1	0.05313945910213391
1104	2	1.1407354580098854
1104	3	1.2527465937135602
1104	4	0.49253296343019315
1104	5	0.18001312709500894
1104	6	0.29365026127887717
1104	7	0.16752159458393123
1104	8	0.14842741318162922
1104	9	-0.26814684334122063
1104	10-14	0.07418671583321412
1104	15-19	0.02309467443893709
1104	20-24	0.7232894208242868
1104	25-29	2.222904104243156
1104	30-34	2.002455794564476
1104	35-39	2.3702750869006266
1104	40-44	0.636605222982233
1104	45-49	0.10684743981597222
1104	50-54	0.21846165363650982
1104	55-59	0.40607482266845807
1104	60-64	0.13936210597781695
1104	65-69	0.09063106733231052
1104	70-74	1.3636207340495616
1104	75-79	0.17814715937198855
1104	80-84	0.35672300615579644
1104	85-89	1.9862281548675043
1104	90-94	2.6142024212782573
1104	95-99	2.3078550012333494
1104	100-104	2.6856274641424136
1104	105-109	0.5304866521834981
1104	110-114	0.13116534203341956
1104	115-119	2.5944062783314834
1104	120-124	0.7258005222795205
1104	125-129	0.720156412199529
1104	130-134	0.6452498164970066
1104	135-139	0.4105560223653484
1104	140-144	0.19673278763982438
1104	145-149	0.799428708061626
1104	150-154	2.0431658386066758
1104	155-159	0.7513306625828378
1104	160-164	0.5377023558349805
1104	165-169	0.4473969770888928
1104	170-174	0.5936733046911371
1104	175-179	0.691283575004725
1104	180-184	0.5826582221730376
1104	185-189	0.4360065895175964
1104	190-194	0.6259141633239125
1104	195-199	0.6922936466080785
1104	200-204	0.7657660415853798
1104	205-209	0.6433156449498902
1104	210-214	0.7560363108626582
1104	215-219	0.8016255628881055
1104	220-224	0.8574811780051057
1104	225-229	0.8827733009491183
1104	230-234	0.8942339677605524
1104	235-239	0.9620246047797281
1104	240-244	0.9101994007399767
1104	245-249	2.384832156376895
1104	250-254	1.6291446522846371
1104	255-259	1.2569119896579117
1104	260-264	1.0590565784024015
1104	265-269	0.8086625579188258
1104	270-274	0.29673243925047643
1104	275-279	0.3059069818476807
1104	280-284	0.26562172364799963
1104	285-289	0.32127368712198034
1104	290-294	0.03820835601086969
1104	295-299	0.38222551879050926
1104	300-301	0.6145046723443777
1105	1	0.2594276523313468
1105	2	1.1520634807689873
1105	3	-30.29534123420025
1105	4	-10.358744523413726
1105	5	-2.0152187846222134
1105	6	-0.8757304766819871
1105	7	-0.024885992579442018
1105	8	-0.045351837600620115
1105	9	0.21175539587450487
1105	10-14	0.28153055738010124
1105	15-19	0.2978163328608048
1105	20-24	0.8436022645740806
1105	25-29	2.364566876999092
1105	30-34	2.2326290342546855
1105	35-39	2.648777278717631
1105	40-44	0.8438252551689516
1105	45-49	0.21924455088954886
1105	50-54	0.2651421418326336
1105	55-59	0.6455913927761898
1105	60-64	0.08570393486251504
1105	65-69	0.4318938351100243
1105	70-74	1.468443146432854
1105	75-79	0.5183927559472039
1105	80-84	0.2247101395316875
1105	85-89	2.548908203499259
1105	90-94	3.094904560937657
1105	95-99	2.595552448847158
1105	100-104	-4.546134444860918
1105	105-109	-3.1146367679610734
1105	110-114	0.7509353157194454
1105	115-119	2.8716958973193556
1105	120-124	0.8863153499075622
1105	125-129	1.1273754684818869
1105	130-134	0.7671588247045804
1105	135-139	0.5530887212991047
1105	140-144	0.3838483687773646
1105	145-149	1.074244424809173
1105	150-154	2.432681670463559
1105	155-159	1.3558579344623638
1105	160-164	0.5211321160913158
1105	165-169	0.83912402893516
1105	170-174	0.862032588928848
1105	175-179	1.2133249915735718
1105	180-184	1.11905686162428
1105	185-189	0.949804047778926
1105	190-194	1.2247404148505794
1105	195-199	1.1513034690938113
1105	200-204	1.1297774599180244
1105	205-209	1.0705003999493705
1105	210-214	1.5558123230912528
1105	215-219	1.4292979149649945
1105	220-224	1.2637712782695374
1105	225-229	1.508947653563844
1105	230-234	1.7103548321598439
1105	235-239	1.728797904219956
1105	240-244	1.8374775908228074
1105	245-249	2.8619974410162996
1105	250-254	1.7443316024298952
1105	255-259	1.4334656034836222
1105	260-264	1.2902789246272235
1105	265-269	0.9147834632718492
1105	270-274	0.44144847768126994
1105	275-279	0.3761830604649248
1105	280-284	0.2723233270715042
1105	285-289	0.3738845154098378
1105	290-294	0.3479752048379865
1105	295-299	0.5050339691373225
1105	300-301	0.5658820477385476
1106	1	0.08257845978868517
1106	2	1.0503697622543342
1106	3	1.350999105881911
1106	4	0.1321960056322169
1106	5	0.14156310758973234
1106	6	0.23773289801960118
1106	7	-0.003714504880072411
1106	8	0.10352404848823937
1106	9	0.16047911962645145
1106	10-14	0.0662597086710548
1106	15-19	0.022043806499802088
1106	20-24	0.791946807527502
1106	25-29	2.302744626019148
1106	30-34	2.138549207522864
1106	35-39	2.2759377864732926
1106	40-44	0.7117141472176272
1106	45-49	0.15443122879617022
1106	50-54	0.02690918575581236
1106	55-59	0.4694753670882079
1106	60-64	0.17498460891359713
1106	65-69	0.34302564203605357
1106	70-74	1.4107535433192808
1106	75-79	-0.10695506150394607
1106	80-84	0.02551409811555061
1106	85-89	2.1007466162692694
1106	90-94	-7.94028953809871
1106	95-99	1.925487048096656
1106	100-104	-4.245658520029366
1106	105-109	-3.508555895389847
1106	110-114	0.015168328315994017
1106	115-119	-8.780756983253127
1106	120-124	0.6372903282336537
1106	125-129	0.7832404128233179
1106	130-134	0.6926473383052993
1106	135-139	0.5755357848905405
1106	140-144	0.5006895770028947
1106	145-149	0.910658870214121
1106	150-154	2.125970772302132
1106	155-159	0.8517511103134794
1106	160-164	0.6538969108142823
1106	165-169	0.5736281615040184
1106	170-174	0.8072462828582516
1106	175-179	0.6370381347980114
1106	180-184	0.6488437496350556
1106	185-189	0.5673175888821618
1106	190-194	0.9021382173566437
1106	195-199	0.5904095220627568
1106	200-204	0.7465129556187762
1106	205-209	0.8326744160595219
1106	210-214	0.9826900055529748
1106	215-219	1.0976421630464088
1106	220-224	1.2207659404902884
1106	225-229	1.0306630218223063
1106	230-234	0.9894831850214487
1106	235-239	0.9777031791088717
1106	240-244	1.2427500060277694
1106	245-249	2.371262223999352
1106	250-254	1.398470793226899
1106	255-259	1.035882928883197
1106	260-264	0.8249515194428838
1106	265-269	0.5177462836870035
1106	270-274	0.5137120109470033
1106	275-279	0.6306376662680009
1106	280-284	0.41506192204380454
1106	285-289	0.6226016788938971
1106	290-294	0.41554590529002056
1106	295-299	0.3651840952005294
1106	300-301	-0.347159736292312
1107	1	0.042761759315389725
1107	2	0.9234068941919489
1107	3	1.3260777950412503
1107	4	0.2005861139918963
1107	5	0.06529546946891429
1107	6	-0.010804565691195478
1107	7	0.1344992889192298
1107	8	0.17545406528599727
1107	9	0.20449144828864263
1107	10-14	-0.08132663002507456
1107	15-19	0.10704514090472372
1107	20-24	0.6026713976451532
1107	25-29	2.3149225585325013
1107	30-34	-4.933637671626119
1107	35-39	-1.4094094086956588
1107	40-44	0.6932268686681766
1107	45-49	0.08435970398379311
1107	50-54	-0.010099612453153384
1107	55-59	0.5716920641513994
1107	60-64	0.33954064466702505
1107	65-69	0.28127719703602594
1107	70-74	1.230551931889039
1107	75-79	0.11580716705965699
1107	80-84	0.19007847112299459
1107	85-89	2.24607444787884
1107	90-94	-5.557140772208939
1107	95-99	-2.037361249144503
1107	100-104	-4.335422603405128
1107	105-109	-3.528751254887993
1107	110-114	-0.9906934341026883
1107	115-119	-9.026008951464831
1107	120-124	0.5900810319607643
1107	125-129	0.8546298279789184
1107	130-134	0.4566427093736465
1107	135-139	0.19761716945492935
1107	140-144	0.4829365555913725
1107	145-149	0.5976683673718881
1107	150-154	-10.127089409915786
1107	155-159	0.655220291219301
1107	160-164	0.6687379595467036
1107	165-169	0.4114604896160188
1107	170-174	0.6487016301026642
1107	175-179	0.7085582401221515
1107	180-184	0.7459956257770131
1107	185-189	0.7637977557694171
1107	190-194	0.4111968104981685
1107	195-199	0.4901231371007668
1107	200-204	0.892022568335257
1107	205-209	0.9551039598144477
1107	210-214	0.743237243032226
1107	215-219	0.8488474357716456
1107	220-224	1.2897246174628663
1107	225-229	1.1107928173499282
1107	230-234	0.8826689661348226
1107	235-239	0.9657105932491206
1107	240-244	1.315700094656421
1107	245-249	2.2151206505792302
1107	250-254	1.2320346133536617
1107	255-259	0.9633592515612328
1107	260-264	0.8066990210738822
1107	265-269	0.818402536506575
1107	270-274	0.7040066808783934
1107	275-279	0.5381794060179956
1107	280-284	0.5692922105774194
1107	285-289	0.3519668226985111
1107	290-294	0.35672928467909415
1107	295-299	0.1924401476616282
1107	300-301	0.24501935515175433
1108	1	0.0761100488201123
1108	2	0.9819908736394467
1108	3	1.19886056886385
1108	4	0.04034897139833049
1108	5	0.1673170563582289
1108	6	0.22473621171716474
1108	7	0.18371915520043558
1108	8	0.19636270039282522
1108	9	-0.45201444679090486
1108	10-14	0.12839780316302551
1108	15-19	0.12237392419068982
1108	20-24	0.8656850804810006
1108	25-29	1.9162216921302786
1108	30-34	-4.962394625473767
1108	35-39	-1.3787588004265174
1108	40-44	0.5385780542125147
1108	45-49	0.05450619178071747
1108	50-54	0.15154480436913076
1108	55-59	0.3794348939428147
1108	60-64	0.21315621318773026
1108	65-69	0.06931716585287973
1108	70-74	1.5786104197578368
1108	75-79	0.2136605366422728
1108	80-84	0.3616525635325587
1108	85-89	1.9630082327571259
1108	90-94	-5.520416229700519
1108	95-99	-2.025976937207197
1108	100-104	-4.161656105623194
1108	105-109	-3.2770870843635294
1108	110-114	0.33598417869329467
1108	115-119	-8.742287606840506
1108	120-124	0.5609871513716911
1108	125-129	0.6892017201582945
1108	130-134	0.5697293949192002
1108	135-139	0.7277918290425021
1108	140-144	0.639910872504295
1108	145-149	0.2916158401154121
1108	150-154	-10.48263109805611
1108	155-159	0.9228582376503311
1108	160-164	0.5882700062854127
1108	165-169	0.4460893906930181
1108	170-174	0.9045610219538673
1108	175-179	0.9020637233527395
1108	180-184	0.7975149622281563
1108	185-189	0.565875240059917
1108	190-194	0.7863086309274436
1108	195-199	0.7617498325607244
1108	200-204	0.989351189565383
1108	205-209	0.5805039257940017
1108	210-214	0.8805373024404162
1108	215-219	1.1557525891849458
1108	220-224	1.3009389887623009
1108	225-229	1.1647370742657976
1108	230-234	1.2283597940067104
1108	235-239	1.3444942994022213
1108	240-244	1.425125970765869
1108	245-249	2.495500503325612
1108	250-254	1.242328673716738
1108	255-259	1.11837374338781
1108	260-264	0.7990011022021903
1108	265-269	0.6865988931329561
1108	270-274	0.38868426188521
1108	275-279	0.3140320359520743
1108	280-284	0.26744425745978617
1108	285-289	0.3130062810781169
1108	290-294	0.26980371968901906
1108	295-299	0.26758620088441276
1108	300-301	0.4270943330080925
1109	1	0.034539895679444044
1109	2	0.7770060140345976
1109	3	1.4031095219782799
1109	4	0.49528233262562793
1109	5	0.015235698904874084
1109	6	0.18945083007162822
1109	7	0.18179634837611758
1109	8	-0.0773117407060866
1109	9	0.17273885971374625
1109	10-14	0.10086325689294995
1109	15-19	0.06570083376555402
1109	20-24	0.4791903972819824
1109	25-29	2.2897801212787243
1109	30-34	-5.120463684942919
1109	35-39	-1.3538902205456935
1109	40-44	0.44028991006661045
1109	45-49	0.1384055447402588
1109	50-54	0.21938872800278375
1109	55-59	0.5240050025713145
1109	60-64	0.07893707416545936
1109	65-69	0.2445358835523166
1109	70-74	1.3580925996089093
1109	75-79	0.20336045578626027
1109	80-84	-0.3907390627434495
1109	85-89	2.239920327937135
1109	90-94	-14.957601503742875
1109	95-99	-1.9982259865751146
1109	100-104	2.616015632301597
1109	105-109	0.6871616964128222
1109	110-114	0.2905351481437535
1109	115-119	-8.841013719829554
1109	120-124	-0.09596816004040676
1109	125-129	0.5730351845222756
1109	130-134	0.5070486437902773
1109	135-139	0.452064079431409
1109	140-144	0.11273001258491178
1109	145-149	0.7625841350579421
1109	150-154	0.30494203612584414
1109	155-159	0.5365419578444914
1109	160-164	0.470888012598877
1109	165-169	0.4355794731969027
1109	170-174	0.7294821948317392
1109	175-179	0.607696622605566
1109	180-184	0.2324853237674489
1109	185-189	0.4159853611539077
1109	190-194	0.5756218314704142
1109	195-199	0.5715412795076986
1109	200-204	0.5266614464628177
1109	205-209	0.37841750423111264
1109	210-214	0.6568588678046936
1109	215-219	0.470529785762416
1109	220-224	0.7392363092767944
1109	225-229	0.9830897830536109
1109	230-234	0.6197502644484203
1109	235-239	0.9875946719249029
1109	240-244	0.9913238198443892
1109	245-249	2.007668673099815
1109	250-254	0.9181311816420816
1109	255-259	0.8800997869140978
1109	260-264	0.6071027498709185
1109	265-269	0.5143711469005119
1109	270-274	0.47649948999308833
1109	275-279	0.692677998437567
1109	280-284	0.21917102211840245
1109	285-289	0.16176844724584782
1109	290-294	0.18986529522605267
1109	295-299	0.2346214563048683
1109	300-301	0.06107471908581985
1110	1	0.16156908192904496
1110	2	-30.576147803744817
1110	3	-9.397198380082553
1110	4	-1.5079505523089907
1110	5	-0.10620656910136006
1110	6	0.018127980238674013
1110	7	-0.07359662478989293
1110	8	0.16942497713391447
1110	9	0.27810716242446176
1110	10-14	0.2535477683048768
1110	15-19	0.0351728636822628
1110	20-24	0.8385017846387655
1110	25-29	2.370745046380044
1110	30-34	-4.915269798488502
1110	35-39	-1.1427657331596635
1110	40-44	0.9076480659964616
1110	45-49	0.3227676375705002
1110	50-54	0.32092478700491966
1110	55-59	0.6710267119925604
1110	60-64	0.2791041625543471
1110	65-69	0.39798785672847004
1110	70-74	1.7880306129294397
1110	75-79	0.3649357355799481
1110	80-84	0.4732959625243396
1110	85-89	2.444979590677285
1110	90-94	-4.052837428323976
1110	95-99	-1.7617096440646662
1110	100-104	2.8861484208607777
1110	105-109	1.0889221136799776
1110	110-114	0.5153419400525934
1110	115-119	2.209687831654392
1110	120-124	0.6710385984511475
1110	125-129	1.0689884079098277
1110	130-134	0.784321873578989
1110	135-139	0.555772154637431
1110	140-144	0.42767700141848763
1110	145-149	0.6960937693729079
1110	150-154	-10.649175874570506
1110	155-159	0.5478283087140596
1110	160-164	0.7040196726052628
1110	165-169	0.9775152606418374
1110	170-174	1.0575155796803415
1110	175-179	0.8245548128611162
1110	180-184	0.9688115459094107
1110	185-189	0.915681725784637
1110	190-194	1.0205746914177567
1110	195-199	0.740566822156552
1110	200-204	0.971577622049395
1110	205-209	0.913561032751435
1110	210-214	1.0663689822868108
1110	215-219	1.1024808513711974
1110	220-224	1.1490103389082336
1110	225-229	1.266778071362296
1110	230-234	1.2436753664961628
1110	235-239	0.8967092857539924
1110	240-244	1.4051952247734185
1110	245-249	2.2327170962204725
1110	250-254	0.8359184608182311
1110	255-259	0.7075775467471566
1110	260-264	0.7734226175321908
1110	265-269	0.633225505806692
1110	270-274	-0.31206306746830137
1110	275-279	0.07633969643989857
1110	280-284	-0.06642126645334301
1110	285-289	-0.0022436028259740226
1110	290-294	0.13469256122021633
1110	295-299	0.2366952566118492
1110	300-301	0.36850024188686703
1111	1	0.03125920799767101
1111	2	0.8307514153505124
1111	3	1.374395026297762
1111	4	0.5490352409157566
1111	5	0.21975081983958233
1111	6	-0.21452219493109226
1111	7	0.04366060684712636
1111	8	0.0710562240769761
1111	9	0.17268487743580607
1111	10-14	0.1174856342686681
1111	15-19	-0.02952955466172824
1111	20-24	0.4919843034070013
1111	25-29	2.0180320582682896
1111	30-34	1.9047411998812152
1111	35-39	2.3855406510446855
1111	40-44	0.7174274484454912
1111	45-49	0.2112127286576566
1111	50-54	-0.2685148802784667
1111	55-59	0.4181908344830134
1111	60-64	0.19642790619226957
1111	65-69	0.1589350189663179
1111	70-74	0.8737488262128679
1111	75-79	0.05234165745202546
1111	80-84	0.14306213744461616
1111	85-89	2.199783994922285
1111	90-94	-8.161480895342049
1111	95-99	1.7916987189132172
1111	100-104	2.3852015042688848
1111	105-109	0.8551661811083591
1111	110-114	0.16030763566900674
1111	115-119	2.384552671743272
1111	120-124	0.2660741557391262
1111	125-129	0.7821628991281173
1111	130-134	0.3543258614921996
1111	135-139	0.16582037509799363
1111	140-144	0.14974917826216938
1111	145-149	0.8795061832180977
1111	150-154	1.8018410786628039
1111	155-159	0.8967011872345623
1111	160-164	0.4454159699915934
1111	165-169	0.3782346632443492
1111	170-174	0.7384476418006827
1111	175-179	0.570760377657372
1111	180-184	0.2536223938846902
1111	185-189	0.3358439356339815
1111	190-194	0.5897831953440047
1111	195-199	0.7823763683414953
1111	200-204	0.877469143081953
1111	205-209	1.149829261253263
1111	210-214	0.759673548302704
1111	215-219	0.8915568356119437
1111	220-224	1.404290875319294
1111	225-229	0.8211771836557453
1111	230-234	1.278502944641268
1111	235-239	1.425132145797285
1111	240-244	1.4128891336633274
1111	245-249	2.9047081018039655
1111	250-254	1.3292083659814011
1111	255-259	1.2196523864510418
1111	260-264	1.163065418714762
1111	265-269	0.8514460021353045
1111	270-274	0.6606585744652129
1111	275-279	0.3941823971190459
1111	280-284	0.5923630135792166
1111	285-289	0.4773646183879059
1111	290-294	0.6619774273686225
1111	295-299	0.4380404628514718
1111	300-301	0.26363643339836074
1112	1	0.23423236513584555
1112	2	1.3146295380303812
1112	3	1.5670772159309507
1112	4	0.6792848591185532
1112	5	0.36578120005111714
1112	6	0.22378307919174745
1112	7	0.06840268089086265
1112	8	0.11202961759346408
1112	9	0.14610228323677887
1112	10-14	0.1587156106546388
1112	15-19	-0.04331805103070252
1112	20-24	0.3559078473912436
1112	25-29	-8.396493682519264
1112	30-34	-9.593304126366021
1112	35-39	-8.850759455525338
1112	40-44	0.034576895400164176
1112	45-49	-0.02782216317827846
1112	50-54	-0.012368107880462276
1112	55-59	-0.814547410297827
1112	60-64	-0.0051326028492937326
1112	65-69	0.10644505742341437
1112	70-74	1.3125469779664911
1112	75-79	-0.04040296261158005
1112	80-84	-0.06087817823591024
1112	85-89	1.9519439024493863
1112	90-94	2.539027064459283
1112	95-99	-0.25610619099661136
1112	100-104	1.9151513163999994
1112	105-109	0.45803545883862284
1112	110-114	0.06842087530418439
1112	115-119	-9.471997143662144
1112	120-124	-0.5632975724286737
1112	125-129	-1.204311604228053
1112	130-134	-1.271138643978972
1112	135-139	-0.31932771206169264
1112	140-144	-0.3161090397072357
1112	145-149	0.058220112184933726
1112	150-154	0.6605256722752131
1112	155-159	-0.10695228464886952
1112	160-164	-0.8155902770546604
1112	165-169	-0.7183448868417415
1112	170-174	-0.17688376709606501
1112	175-179	-0.3369064900734102
1112	180-184	-0.8337646372448333
1112	185-189	-1.237010853955013
1112	190-194	-0.9241334661320977
1112	195-199	-1.3501509006770434
1112	200-204	-1.573342120153164
1112	205-209	-1.364102202008393
1112	210-214	-1.4973805940204983
1112	215-219	-1.3454296401113162
1112	220-224	-1.671807641632391
1112	225-229	-1.863104648476824
1112	230-234	-2.077500970323662
1112	235-239	-1.9499902048216597
1112	240-244	-2.1939147393377425
1112	245-249	-1.3594563742677543
1112	250-254	-2.125895106037543
1112	255-259	-1.9892504775302235
1112	260-264	-1.5755389088973004
1112	265-269	-1.5984817640349327
1112	270-274	-1.6267911355939617
1112	275-279	-1.2747967693746354
1112	280-284	-1.26449853683539
1112	285-289	-1.2555295041682015
1112	290-294	-1.2327678819473746
1112	295-299	-1.3001329241624653
1112	300-301	-1.0835505299130546
1113	1	0.21153071577894877
1113	2	1.2698548485238206
1113	3	1.5236887932696774
1113	4	0.6227762008179951
1113	5	0.30002016119765784
1113	6	0.16821879384747973
1113	7	0.18324740570740516
1113	8	0.20276499367295742
1113	9	0.2166199503919657
1113	10-14	0.061193707664365604
1113	15-19	-0.2583327934563968
1113	20-24	0.8361904109437432
1113	25-29	-8.265259411004035
1113	30-34	1.9853590537987316
1113	35-39	-15.960684670784783
1113	40-44	-3.5444770926045592
1113	45-49	0.12500714686644443
1113	50-54	0.3033332921731571
1113	55-59	-10.177078594810894
1113	60-64	0.15069544970597093
1113	65-69	-0.6779510179417443
1113	70-74	1.1690924988574523
1113	75-79	0.18873705921653539
1113	80-84	0.1526762283480565
1113	85-89	2.287691958273548
1113	90-94	2.6730686977750224
1113	95-99	0.083547669173619
1113	100-104	-8.264353021844038
1113	105-109	0.3459864516400799
1113	110-114	0.33562782994328444
1113	115-119	-9.145494942805165
1113	120-124	0.09326202524834315
1113	125-129	-0.595628390536028
1113	130-134	-0.36740621951233265
1113	135-139	0.07313603663352097
1113	140-144	0.25662959871799984
1113	145-149	0.7028074837958869
1113	150-154	-0.9567429071070279
1113	155-159	-14.859917158652301
1113	160-164	-0.3364620921778041
1113	165-169	0.0015127147610556335
1113	170-174	-1.1830460621973486
1113	175-179	-0.6342789887362414
1113	180-184	0.2551970664299219
1113	185-189	0.05720030844312873
1113	190-194	-0.5767481405903112
1113	195-199	-0.47794202478733183
1113	200-204	-0.09291204734132918
1113	205-209	-0.29795710456409097
1113	210-214	-0.6244005644459989
1113	215-219	0.043236237325171345
1113	220-224	-0.12643867036876344
1113	225-229	-0.3475424269450009
1113	230-234	-0.6734892715850975
1113	235-239	-0.2604224746970729
1113	240-244	-0.5022331534263849
1113	245-249	0.3453548643630455
1113	250-254	-0.41579604132306613
1113	255-259	-0.35447430631178634
1113	260-264	-0.23647715422161397
1113	265-269	-0.5283013111380441
1113	270-274	-0.30980020976397427
1113	275-279	-0.5155112872927248
1113	280-284	-0.013534917876640407
1113	285-289	-8.07685252659951E-4
1113	290-294	0.09693487130098788
1113	295-299	-0.09278783762999865
1113	300-301	0.14560985878670252
1114	1	0.21882803357097202
1114	2	1.0571214922208299
1114	3	1.34360101916171
1114	4	0.5479936447883489
1114	5	0.10669615606306593
1114	6	-0.01806037507822822
1114	7	-0.08087984904393863
1114	8	0.06735328739208768
1114	9	0.149887613390284
1114	10-14	0.1974045833380842
1114	15-19	0.07536471824501945
1114	20-24	0.7450373197804865
1114	25-29	-8.703823476090957
1114	30-34	1.9096655733589714
1114	35-39	-7.364133002251602
1114	40-44	-0.7837358899316982
1114	45-49	-0.1354786761696687
1114	50-54	0.025898034461732777
1114	55-59	0.45991682689334823
1114	60-64	0.21441036505625988
1114	65-69	0.3105724459029844
1114	70-74	1.2312568623399045
1114	75-79	0.05612952496657897
1114	80-84	0.10424979862891348
1114	85-89	2.1943243382215485
1114	90-94	2.659714638371348
1114	95-99	1.873618356605057
1114	100-104	-17.69909459066509
1114	105-109	-0.3212442282213033
1114	110-114	0.035749923495345115
1114	115-119	1.9612885665099569
1114	120-124	-0.0569028355247454
1114	125-129	0.11589166002998752
1114	130-134	-0.1237196361793167
1114	135-139	-0.23909820884047406
1114	140-144	-0.0808761058278904
1114	145-149	-6.526907320460037
1114	150-154	-4.377419518933788
1114	155-159	-0.209583498897139
1114	160-164	0.06212953208839167
1114	165-169	-0.17151478273744658
1114	170-174	-7.084164774787759
1114	175-179	-6.688952921412728
1114	180-184	-0.4328364513434977
1114	185-189	-0.4576701380556969
1114	190-194	-1.286496598167851
1114	195-199	-0.8514317734738803
1114	200-204	-0.16693461648729624
1114	205-209	-0.9995395304988612
1114	210-214	-0.9370369059267603
1114	215-219	-0.7903755753840258
1114	220-224	-0.7848692585430257
1114	225-229	-0.8064628494837685
1114	230-234	-1.2328865090996963
1114	235-239	-0.9529449250176114
1114	240-244	-1.0002013053462022
1114	245-249	-0.15459967053060808
1114	250-254	-1.1930673103742464
1114	255-259	-1.0701292169709404
1114	260-264	-0.9176782640485115
1114	265-269	-0.830483590055838
1114	270-274	-0.3920468951367866
1114	275-279	-0.3256363992967479
1114	280-284	-0.05174893101804656
1114	285-289	-0.2085987912843379
1114	290-294	0.031527188074488066
1114	295-299	0.08989253065565705
1114	300-301	0.298787008729235
1115	1	-0.12105923931125062
1115	2	0.4745042856026842
1115	3	0.6913712936952479
1115	4	0.41650073592089143
1115	5	0.05587662608675714
1115	6	-0.18359249010722323
1115	7	0.024008931768278785
1115	8	0.012717918156241126
1115	9	0.0992609773098323
1115	10-14	-0.2720059073870047
1115	15-19	-0.01324776110182313
1115	20-24	0.5548020850833311
1115	25-29	1.4697367715031717
1115	30-34	1.8271438909927866
1115	35-39	2.1021464172623823
1115	40-44	0.4494596342290862
1115	45-49	-0.15958520288633338
1115	50-54	-0.19970585372833938
1115	55-59	0.375720806565198
1115	60-64	0.019592930717728052
1115	65-69	-0.10521839594132132
1115	70-74	1.1525689738960239
1115	75-79	-0.2254051213983388
1115	80-84	-0.2061659379246379
1115	85-89	-8.705886866364434
1115	90-94	2.003705981350066
1115	95-99	1.610429304483965
1115	100-104	-8.746015785326556
1115	105-109	0.6271500615270256
1115	110-114	-0.19121886765240248
1115	115-119	1.9065384933956793
1115	120-124	0.1618706156204155
1115	125-129	0.10998361994953143
1115	130-134	-0.46426742444192115
1115	135-139	-0.6380044009498747
1115	140-144	-0.47756877946631704
1115	145-149	-6.7246660274735035
1115	150-154	-5.05812585167266
1115	155-159	-0.005274796814973115
1115	160-164	-0.03149783609669754
1115	165-169	-0.4815474176179677
1115	170-174	-0.34400601398719033
1115	175-179	-0.5977108067430663
1115	180-184	-0.6226053608750917
1115	185-189	-0.4055260287148883
1115	190-194	-0.5139582190402336
1115	195-199	-0.7396353495753587
1115	200-204	-0.5080292635569421
1115	205-209	-0.7865502884070672
1115	210-214	-1.039062873846575
1115	215-219	-0.6618009183988676
1115	220-224	-0.7844503589783791
1115	225-229	-0.6266363842946241
1115	230-234	-0.9648949509343865
1115	235-239	-0.8790384870329575
1115	240-244	-0.8189260314204461
1115	245-249	-0.22533136945343557
1115	250-254	-1.1554764043569072
1115	255-259	-1.0535527195232
1115	260-264	-0.9721850629501319
1115	265-269	-0.7340377700528862
1115	270-274	-0.38407731039837145
1115	275-279	-0.3142581780427527
1115	280-284	0.2776338989855951
1115	285-289	0.16419562469056004
1115	290-294	0.005317744776466071
1115	295-299	-0.19528568425142012
1115	300-301	0.10654156237418277
1116	1	-0.20810362767714707
1116	2	0.5355531338759434
1116	3	0.8473154257545943
1116	4	0.1822271914055804
1116	5	-0.20167801533384022
1116	6	0.036734779113416494
1116	7	0.06574923399272592
1116	8	0.06992630001357014
1116	9	-0.22059849509917484
1116	10-14	-0.21442835019293938
1116	15-19	-0.004748430917672408
1116	20-24	0.42248101236339153
1116	25-29	1.9788590943436475
1116	30-34	1.964825676167294
1116	35-39	2.1260241531637476
1116	40-44	0.4968249569511798
1116	45-49	-0.1359650985602059
1116	50-54	0.02421403466158978
1116	55-59	0.4806162762724995
1116	60-64	-0.03912211438385782
1116	65-69	-0.19325393560033888
1116	70-74	1.0738752525228392
1116	75-79	-0.027388201765063513
1116	80-84	-0.10930367893668347
1116	85-89	-9.366869871253204
1116	90-94	1.9209920616087075
1116	95-99	1.8124018247773321
1116	100-104	-8.555682809173497
1116	105-109	-0.0697652533224371
1116	110-114	-0.3292157574391794
1116	115-119	1.7996485596771592
1116	120-124	-0.10826433814999348
1116	125-129	-0.17000489640355454
1116	130-134	-0.09921829447862507
1116	135-139	-0.33555556866849656
1116	140-144	-0.1550365432677765
1116	145-149	4.812310890613958E-4
1116	150-154	1.4312045853356068
1116	155-159	0.2676323362359483
1116	160-164	-0.1374059412626778
1116	165-169	-0.7559966170090959
1116	170-174	0.12200277131684345
1116	175-179	-0.12491575417195122
1116	180-184	-0.3451723932078181
1116	185-189	-0.47957227298219607
1116	190-194	-0.2796344508327593
1116	195-199	-0.4191036343297512
1116	200-204	-0.6313366127491591
1116	205-209	-0.9338047779976186
1116	210-214	-0.5507396794389798
1116	215-219	-0.8363002500551069
1116	220-224	-0.6308094478746789
1116	225-229	-0.842190033532777
1116	230-234	-0.9856711099628157
1116	235-239	-0.8915743311898083
1116	240-244	-0.6434755563404337
1116	245-249	-0.20533174941503773
1116	250-254	-1.0828862499331962
1116	255-259	-0.8866971593106747
1116	260-264	-0.7154689818538422
1116	265-269	-0.5792235522473206
1116	270-274	-0.27216943425751694
1116	275-279	-0.1947381986586052
1116	280-284	-0.080608165773981
1116	285-289	-0.13190408213061744
1116	290-294	0.211021883116004
1116	295-299	0.051056417858521996
1116	300-301	0.09676657462371097
1117	1	-0.18418354878178178
1117	2	0.2986311068058711
1117	3	1.3282403155125806
1117	4	0.27433084230759164
1117	5	0.06132243461991038
1117	6	0.1408664941876836
1117	7	0.09913642506823095
1117	8	-0.24352868420523066
1117	9	-0.04528516911438629
1117	10-14	-0.19018581747843655
1117	15-19	-0.0024730609030214623
1117	20-24	0.3026904738755718
1117	25-29	2.1116010267348173
1117	30-34	1.8911193135715578
1117	35-39	2.1302009211671447
1117	40-44	0.3497549937402695
1117	45-49	-0.08711375578869962
1117	50-54	0.11525219342108528
1117	55-59	0.5368030924506968
1117	60-64	-0.2218760756908864
1117	65-69	-0.023159143675862026
1117	70-74	1.3611131970618828
1117	75-79	-0.08289553182613929
1117	80-84	-0.19326465321512387
1117	85-89	-9.603808529725566
1117	90-94	-8.170629133964432
1117	95-99	1.4178805198808035
1117	100-104	2.353125256518318
1117	105-109	0.6524123045547583
1117	110-114	-0.3052527166770034
1117	115-119	2.2843917239822815
1117	120-124	0.2446493271671102
1117	125-129	0.4426634095744788
1117	130-134	0.09603007250341022
1117	135-139	-0.14644013442888593
1117	140-144	-0.611907513879494
1117	145-149	0.31749591726497073
1117	150-154	1.6181415390406073
1117	155-159	0.3804073786057245
1117	160-164	-0.5899956967242943
1117	165-169	-0.2441638358184406
1117	170-174	0.47057001332174764
1117	175-179	-0.07692745915432653
1117	180-184	-0.7327052138694938
1117	185-189	0.07419249901328584
1117	190-194	0.18153045709917848
1117	195-199	0.19007684011992154
1117	200-204	-0.292228600128869
1117	205-209	-0.40119391688103434
1117	210-214	0.04420953438750175
1117	215-219	-0.14040423851337636
1117	220-224	-0.06861881934083769
1117	225-229	-0.512714873580709
1117	230-234	-0.3983973732028083
1117	235-239	-0.30035743472751264
1117	240-244	-0.5688501539212147
1117	245-249	0.24711122921888773
1117	250-254	-0.7526953438946613
1117	255-259	-0.3662688638914702
1117	260-264	-0.2404105175224096
1117	265-269	-0.3985091177709279
1117	270-274	-0.26505361237925484
1117	275-279	-0.0036619752953193085
1117	280-284	0.09121651360505467
1117	285-289	0.22466149171893335
1117	290-294	0.41670505164336546
1117	295-299	0.4129783487820369
1117	300-301	0.5185578951105327
1118	1	0.001623865814245562
1118	2	0.8683055162751501
1118	3	1.0183881716909156
1118	4	-0.011803086829111464
1118	5	-0.052176659134971715
1118	6	0.06539868991225717
1118	7	-0.24197811350170184
1118	8	0.021966137018090137
1118	9	-0.020288944577600887
1118	10-14	-0.19973459770839241
1118	15-19	-0.28059280213617654
1118	20-24	0.5380895991984005
1118	25-29	1.7140337611066983
1118	30-34	1.7202019094357155
1118	35-39	1.885946564284481
1118	40-44	0.3700921491611169
1118	45-49	-0.02063512345004881
1118	50-54	-0.07184731659307175
1118	55-59	0.0046705588305826495
1118	60-64	-0.12209603353472431
1118	65-69	-0.29689138022200723
1118	70-74	1.351688606657035
1118	75-79	-0.4492417587397668
1118	80-84	-0.42771197553925333
1118	85-89	-9.28374376217075
1118	90-94	-8.670979960749577
1118	95-99	0.7692473961497939
1118	100-104	1.9206344437593614
1118	105-109	0.46067043398336693
1118	110-114	-0.1580772231424845
1118	115-119	1.5870188474147469
1118	120-124	-0.3095810953695164
1118	125-129	0.24855354911893102
1118	130-134	-0.0830324454617326
1118	135-139	-0.3885407544642874
1118	140-144	-0.4044189538320211
1118	145-149	0.15639979941285986
1118	150-154	1.3413056145540523
1118	155-159	0.20802316979223434
1118	160-164	-0.5104121074062746
1118	165-169	-0.5454942119844404
1118	170-174	-0.1580791595218045
1118	175-179	-0.5898084429817203
1118	180-184	-0.8013909965286885
1118	185-189	-0.512833997814198
1118	190-194	-0.2233003858862901
1118	195-199	-1.0450647166332345
1118	200-204	-0.8981748754483192
1118	205-209	-0.5248926622163594
1118	210-214	-0.6372361942542142
1118	215-219	-0.6294968863876562
1118	220-224	-0.6151080954919337
1118	225-229	-1.0041702772396874
1118	230-234	-0.6044989874001843
1118	235-239	-0.9325933813349607
1118	240-244	-0.877824574933662
1118	245-249	0.2668184149753863
1118	250-254	-0.8484552394218206
1118	255-259	-0.7088530263444284
1118	260-264	-0.9157426889675264
1118	265-269	-0.6599466408722492
1118	270-274	-0.2162711373863253
1118	275-279	-0.24343216785666044
1118	280-284	-0.08035583900736043
1118	285-289	0.016855147882747445
1118	290-294	-0.0072825995542302735
1118	295-299	-0.16711474962568218
1118	300-301	0.20344507583997284
1119	1	-0.33848489502865675
1119	2	0.9509343515181286
1119	3	1.378440977610076
1119	4	0.33739518459000095
1119	5	-0.7697642961784794
1119	6	-0.9853981566629386
1119	7	-0.19689078609552269
1119	8	-0.02094774847486036
1119	9	-0.05359852661378994
1119	10-14	-0.2990942644849923
1119	15-19	-0.12463646924719285
1119	20-24	0.5766009927833551
1119	25-29	1.9076599423211817
1119	30-34	1.9156025674760357
1119	35-39	2.08187355151248
1119	40-44	0.3429267026263645
1119	45-49	-0.09762816148424491
1119	50-54	-0.3039970139675532
1119	55-59	0.03990251030457159
1119	60-64	-0.08856986588864402
1119	65-69	-0.3085469515852992
1119	70-74	0.790610098405331
1119	75-79	-0.21557246124542928
1119	80-84	-0.168471439892933
1119	85-89	1.7590045144485629
1119	90-94	0.972299505020942
1119	95-99	1.5158688388230175
1119	100-104	1.9684467907517984
1119	105-109	0.4022251665227259
1119	110-114	-1.0566140731551954
1119	115-119	1.762196307748738
1119	120-124	-0.7051675819910912
1119	125-129	0.2509955427002808
1119	130-134	-0.2696095951743729
1119	135-139	-0.33605321136164434
1119	140-144	-0.4762213284619037
1119	145-149	-5.254947239308194E-4
1119	150-154	1.2087094008681376
1119	155-159	-0.16022684027493028
1119	160-164	-0.5969063903306093
1119	165-169	-0.74092010741753
1119	170-174	-0.18732024928670654
1119	175-179	-0.5767994713543771
1119	180-184	-0.5290628063346503
1119	185-189	-0.5355039931757162
1119	190-194	-0.7473734981839826
1119	195-199	-0.766399577987734
1119	200-204	-0.6941505477107164
1119	205-209	-0.7865435058115011
1119	210-214	-0.9042750612752286
1119	215-219	-0.6236083657904281
1119	220-224	-0.7913829262209262
1119	225-229	-1.0004722562881838
1119	230-234	-0.7927417786652278
1119	235-239	-0.9071341474722452
1119	240-244	-0.869825219468602
1119	245-249	-0.06622877588959852
1119	250-254	-0.9622259910502713
1119	255-259	-0.8567499725542866
1119	260-264	-0.7006717053209499
1119	265-269	-0.5905820362879481
1119	270-274	-0.07010758864399591
1119	275-279	-0.1659604915686046
1119	280-284	0.05878482283543818
1119	285-289	-0.0507926751882124
1119	290-294	0.022529884893636165
1119	295-299	-0.07182521464780933
1119	300-301	0.34327219454919344
2101	1	-0.013779236770353975
2101	2	0.7370500147975747
2101	3	1.1258387360526
2101	4	0.37988369138235356
2101	5	-0.24698063561942973
2101	6	-0.1084504322894162
2101	7	0.0076844971930611905
2101	8	0.0786544610021167
2101	9	-0.628542295834805
2101	10-14	0.026573080090727785
2101	15-19	-0.192171957943863
2101	20-24	0.5483468221889041
2101	25-29	1.7859715955548339
2101	30-34	1.8516664201559934
2101	35-39	2.0601827607029364
2101	40-44	0.40239144043294317
2101	45-49	-0.3604608325769334
2101	50-54	-0.21015465842616976
2101	55-59	-0.013232659276354752
2101	60-64	-0.10213581500282487
2101	65-69	-0.3070023742707164
2101	70-74	1.136145116052802
2101	75-79	-0.07892596796190787
2101	80-84	-0.15342954181391377
2101	85-89	1.4097884379186283
2101	90-94	1.2691298119554801
2101	95-99	1.613947979330753
2101	100-104	1.8739765044358307
2101	105-109	0.22631988426557115
2101	110-114	-0.1707887955644125
2101	115-119	1.9606669493105784
2101	120-124	0.2650446547623133
2101	125-129	0.05081482533376658
2101	130-134	-0.06874951664246254
2101	135-139	-0.2424639926827652
2101	140-144	-0.4042893022061733
2101	145-149	0.2783467340670782
2101	150-154	1.2651268192069054
2101	155-159	0.25841517753802634
2101	160-164	-0.38882551133482224
2101	165-169	-0.5337109605306338
2101	170-174	-0.3477256455152187
2101	175-179	-0.3278442563811481
2101	180-184	-0.2741270232881021
2101	185-189	-0.44700929719383
2101	190-194	-0.4548704042447227
2101	195-199	-0.48469290238596585
2101	200-204	-0.6860252191316007
2101	205-209	-0.5955443368527433
2101	210-214	-0.6068191375256724
2101	215-219	-0.5003095755909293
2101	220-224	-1.0587962691463453
2101	225-229	-1.0592874942950452
2101	230-234	-0.7357464021872673
2101	235-239	-0.8523039405626633
2101	240-244	-1.5073978076751153
2101	245-249	-9.505141985698394
2101	250-254	-1.6466265184066486
2101	255-259	-1.081658921045829
2101	260-264	-1.1088991746878882
2101	265-269	-0.477097088819491
2101	270-274	-0.4916598379551793
2101	275-279	-0.4095533898550805
2101	280-284	0.020082817455268298
2101	285-289	0.1878762668609255
2101	290-294	0.0746006850763763
2101	295-299	-0.0015343725836594047
2101	300-301	0.015315845075395629
2103	1	-0.10763440473054686
2103	2	0.37031403053322975
2103	3	1.0805475634443127
2103	4	0.29792813463340906
2103	5	0.0643781163289674
2103	6	-0.012740043262240874
2103	7	0.07107728467369157
2103	8	-0.4985643113256586
2103	9	-0.11274851068140634
2103	10-14	-0.12060922143886899
2103	15-19	-0.01167354677321697
2103	20-24	0.2966588800938865
2103	25-29	1.9964802550047622
2103	30-34	1.7289377668129475
2103	35-39	2.1834817912004922
2103	40-44	0.03889755465464617
2103	45-49	-0.0895359597672396
2103	50-54	-0.05742526071696119
2103	55-59	0.11740365937667008
2103	60-64	-0.2286093954344821
2103	65-69	-0.09148058762815481
2103	70-74	0.879600632004049
2103	75-79	-0.009011619225212542
2103	80-84	-0.5228715565714452
2103	85-89	1.690982360268606
2103	90-94	2.684009798160986
2103	95-99	1.6840039407722074
2103	100-104	2.2205330592365087
2103	105-109	0.5505710653414013
2103	110-114	0.09903325370859761
2103	115-119	2.27195264152504
2103	120-124	-0.21185596280053431
2103	125-129	0.16361154509309728
2103	130-134	-0.11229145349436465
2103	135-139	-0.10368673122761862
2103	140-144	-0.26420228644358446
2103	145-149	0.10014627142283672
2103	150-154	1.471111228802549
2103	155-159	0.3391705216184917
2103	160-164	-0.5393803114093174
2103	165-169	-0.15927053395688517
2103	170-174	0.016193138177072797
2103	175-179	-0.08953968073915775
2103	180-184	-0.4137385542177725
2103	185-189	-0.5531819889765615
2103	190-194	-0.7103462725477456
2103	195-199	-0.5040691638090067
2103	200-204	-0.9311222342171774
2103	205-209	-0.3220188583053947
2103	210-214	-0.5172972802611504
2103	215-219	-0.8787789832104878
2103	220-224	-1.0987315441596799
2103	225-229	-0.6682995195982748
2103	230-234	-0.636199515847423
2103	235-239	-1.069153857207315
2103	240-244	-1.6066146053093853
2103	245-249	-9.69760828839516
2103	250-254	-1.1620031619049485
2103	255-259	-0.6006575600252795
2103	260-264	-0.7050227524162977
2103	265-269	-0.33712065480896314
2103	270-274	-0.28359812931665473
2103	275-279	-0.4181922842873824
2103	280-284	-0.4866301352092428
2103	285-289	-0.3584199847548355
2103	290-294	-0.13568867411495944
2103	295-299	-0.23934466442701918
2103	300-301	-0.4878983578312024
2106	1	-0.3039387945842549
2106	2	0.3516464189764221
2106	3	0.9458754647892391
2106	4	0.20203681678388108
2106	5	-0.10239321752694508
2106	6	-0.2849702121801485
2106	7	-0.3756650139971356
2106	8	-0.21715047437695745
2106	9	-0.20393635801394794
2106	10-14	-0.14785547854901893
2106	15-19	-0.09595184584070893
2106	20-24	0.46826459087033356
2106	25-29	1.9682190260285424
2106	30-34	1.6407138580586604
2106	35-39	1.7018386989267356
2106	40-44	0.16176302340261373
2106	45-49	-0.41785073448567545
2106	50-54	-0.3463390344294268
2106	55-59	-0.19596023812741947
2106	60-64	-0.4126338845138875
2106	65-69	-0.33388168423760334
2106	70-74	0.9985743475936886
2106	75-79	-0.5522515928397311
2106	80-84	-0.550903626130399
2106	85-89	1.3845597592713261
2106	90-94	2.3168988242062696
2106	95-99	1.358099409827929
2106	100-104	2.0107166157012983
2106	105-109	0.03545143085681701
2106	110-114	-0.31088403022306466
2106	115-119	1.3919866990422634
2106	120-124	-0.5413960335183958
2106	125-129	-0.07514731456011958
2106	130-134	-0.3941663535977611
2106	135-139	-0.6674357493506662
2106	140-144	-0.5016748700760516
2106	145-149	-0.20887813936430177
2106	150-154	0.7808878352080839
2106	155-159	-0.42294421621472367
2106	160-164	-1.000612330423543
2106	165-169	-0.7628189499376532
2106	170-174	-1.1503306203177885
2106	175-179	-0.7621929645497758
2106	180-184	-1.1774666448896127
2106	185-189	-0.7752686122780972
2106	190-194	-1.0705624401275209
2106	195-199	-1.1637346600293732
2106	200-204	-1.7179067542585855
2106	205-209	-1.0726656436977464
2106	210-214	-1.1297589213320904
2106	215-219	-1.636877005427035
2106	220-224	-1.983185034067219
2106	225-229	-1.550697077624779
2106	230-234	-1.3999045733327904
2106	235-239	-1.867057245805288
2106	240-244	-2.304650248344597
2106	245-249	-10.046564551046943
2106	250-254	-2.458901395166123
2106	255-259	-1.8043224518952172
2106	260-264	-1.5415416747243569
2106	265-269	-1.017069086788414
2106	270-274	-0.9375484705342529
2106	275-279	-0.5749098083522348
2106	280-284	-0.7926349422986902
2106	285-289	-0.6086994703389372
2106	290-294	-0.39947535590635397
2106	295-299	-0.45812055301860255
2106	300-301	-0.1660453990960704
2107	1	-0.3197807617063262
2107	2	0.5234395299253833
2107	3	0.9633331804873038
2107	4	0.15116509480445472
2107	5	-0.00643527121685139
2107	6	-0.7386587354033622
2107	7	-0.1353585241893569
2107	8	-0.22139697521099322
2107	9	-0.263389780943065
2107	10-14	-0.3950282308648596
2107	15-19	-0.3010575471611361
2107	20-24	0.4631873042493808
2107	25-29	1.8548178262923969
2107	30-34	1.2303528261463796
2107	35-39	1.7773339675066708
2107	40-44	0.06999932575217827
2107	45-49	-0.23135197083323789
2107	50-54	-0.5788124028129715
2107	55-59	0.004015489677328787
2107	60-64	-0.3831723216500009
2107	65-69	-0.48134426440979894
2107	70-74	0.4449093951016394
2107	75-79	-0.3378427232742496
2107	80-84	-0.3594360163328929
2107	85-89	1.4745040184659501
2107	90-94	1.9349829229087092
2107	95-99	1.5091834029442808
2107	100-104	1.777876161139126
2107	105-109	-0.18872982752586864
2107	110-114	-0.806508725544937
2107	115-119	1.438797431691036
2107	120-124	-0.6336635426170645
2107	125-129	-0.2572710563939111
2107	130-134	-0.8975217443136927
2107	135-139	-1.0084122849619703
2107	140-144	-0.9996123871368141
2107	145-149	-0.4757276296670554
2107	150-154	0.39249485052047106
2107	155-159	-0.6476128411286695
2107	160-164	-1.1576164257102945
2107	165-169	-1.201026183346677
2107	170-174	-1.3307644729006256
2107	175-179	-1.1922377333056744
2107	180-184	-1.4456649404818904
2107	185-189	-1.347329952383454
2107	190-194	-1.7607057480229713
2107	195-199	-1.2333866323995686
2107	200-204	-2.0770824040575135
2107	205-209	-1.786827124265141
2107	210-214	-1.9381190323410387
2107	215-219	-2.1770336244231068
2107	220-224	-2.629852737273385
2107	225-229	-2.089731336750674
2107	230-234	-2.351962352193599
2107	235-239	-2.3568292232337953
2107	240-244	-2.811603271225948
2107	245-249	-10.389586771797592
2107	250-254	-2.8218793379269442
2107	255-259	-2.0133506460265878
2107	260-264	-1.7840372822187582
2107	265-269	-1.3303275465697482
2107	270-274	-0.9460518618698686
2107	275-279	-0.9796718405936282
2107	280-284	-0.8597034485103912
2107	285-289	-0.6852749428774025
2107	290-294	-0.8129583459240841
2107	295-299	-0.5522380801500759
2107	300-301	-0.38904233010847733
2108	1	-0.05995535870926716
2108	2	0.22959031556762
2108	3	1.2114417115361817
2108	4	0.20144589754738007
2108	5	0.20952360980775353
2108	6	-0.058438929122615946
2108	7	-0.1489835234016823
2108	8	-0.46058220679582007
2108	9	-0.6053456912742092
2108	10-14	-0.26626878278063515
2108	15-19	-0.26610538344958456
2108	20-24	0.303431919388494
2108	25-29	1.500024589912357
2108	30-34	1.4908201883705345
2108	35-39	1.771615594947768
2108	40-44	0.10018438676843289
2108	45-49	-0.6701888574757575
2108	50-54	-0.4902053375508899
2108	55-59	-0.061449303472343786
2108	60-64	-0.9224963909247066
2108	65-69	-1.1445642634355835
2108	70-74	0.6245423644640837
2108	75-79	-0.3527500683941369
2108	80-84	-0.8647759837392996
2108	85-89	1.3952955918660166
2108	90-94	1.811400362935359
2108	95-99	1.2606038027512056
2108	100-104	1.5583847309432173
2108	105-109	-0.519445322303099
2108	110-114	-0.4621975320712721
2108	115-119	1.3167407698339986
2108	120-124	-1.3287327483983518
2108	125-129	-0.46787788405317343
2108	130-134	-1.0949955593565193
2108	135-139	-1.2206585603835762
2108	140-144	-1.0945291764966427
2108	145-149	-0.8820759538147911
2108	150-154	0.4875381727316537
2108	155-159	-0.42221035001394824
2108	160-164	-1.8005898063140222
2108	165-169	-1.5623530620322228
2108	170-174	-1.708584911717118
2108	175-179	-1.197133475090979
2108	180-184	-2.0904117404294986
2108	185-189	-2.1284903335863454
2108	190-194	-2.324079916726813
2108	195-199	-1.5663174383934084
2108	200-204	-2.2301454404472736
2108	205-209	-2.2761847635828154
2108	210-214	-2.8699938459959746
2108	215-219	-3.297452993880178
2108	220-224	-3.2861292814473337
2108	225-229	-3.051935914324634
2108	230-234	-3.1199979494361934
2108	235-239	-3.205935267976784
2108	240-244	-3.232827266399937
2108	245-249	-2.369168899662988
2108	250-254	-3.0633611097091773
2108	255-259	-2.2672655240838893
2108	260-264	-1.9138588752650385
2108	265-269	-1.400430920974074
2108	270-274	-1.230508767951843
2108	275-279	-1.2692028539897784
2108	280-284	-1.702639085355269
2108	285-289	-1.5351814467936507
2108	290-294	-1.145747513404281
2108	295-299	-0.9179908828880734
2108	300-301	-0.9845986794211736
2109	1	-0.0057167452095896465
2109	2	0.9042891828683324
2109	3	0.8099741948204624
2109	4	0.3920519189761009
2109	5	0.039756613908636496
2109	6	-0.023772092202619888
2109	7	-0.09993355645198676
2109	8	-0.45877300627913087
2109	9	0.007503783164700906
2109	10-14	-0.23858258671680233
2109	15-19	-0.23630943140902616
2109	20-24	-0.3926323981267359
2109	25-29	-7.468881876403081
2109	30-34	0.3119100157292394
2109	35-39	2.0703565217151336
2109	40-44	0.38026461655223187
2109	45-49	-0.2872238913351879
2109	50-54	-0.39907468812014457
2109	55-59	0.10581754279264999
2109	60-64	-0.5940129767127331
2109	65-69	-0.21453028748742042
2109	70-74	1.121331336200626
2109	75-79	-0.20688214748846434
2109	80-84	-0.2163936234874413
2109	85-89	1.5483202837834114
2109	90-94	2.0674788606511
2109	95-99	1.279240523136913
2109	100-104	1.8115776234130152
2109	105-109	0.00789306114700139
2109	110-114	-0.5238178565393525
2109	115-119	1.2476400975441422
2109	120-124	-0.850449051869262
2109	125-129	-2.090456076457393
2109	130-134	-1.0612981124713983
2109	135-139	-0.8522874048845637
2109	140-144	-0.6873527040299123
2109	145-149	-0.25881255069603526
2109	150-154	0.9323564651968823
2109	155-159	0.005958190186063916
2109	160-164	-0.8881168981357845
2109	165-169	-0.7506684403901929
2109	170-174	-1.0369987626106152
2109	175-179	-0.8768233176306808
2109	180-184	-0.8259591434913247
2109	185-189	-0.7583231870046276
2109	190-194	-1.0527240028997298
2109	195-199	-0.8853980016002119
2109	200-204	-1.2884936831362168
2109	205-209	-1.2227320327712405
2109	210-214	-1.4239653269992267
2109	215-219	-1.4493713683283502
2109	220-224	-1.6307131318151598
2109	225-229	-1.7958153700131163
2109	230-234	-1.912899400532556
2109	235-239	-1.888124596687117
2109	240-244	-2.057135337129175
2109	245-249	-1.0990223006502546
2109	250-254	-2.0653256964871076
2109	255-259	-1.722358480691053
2109	260-264	-1.0659170638055357
2109	265-269	-0.9668009125758417
2109	270-274	-0.8668454994394601
2109	275-279	-0.5508818506060109
2109	280-284	-0.44894112858536417
2109	285-289	-0.43413404884436346
2109	290-294	-0.23762792794054732
2109	295-299	-0.3284422658585626
2109	300-301	-0.09330088163412853
2110	1	0.07239417439327411
2110	2	0.7625550859961336
2110	3	1.378160121827058
2110	4	0.3033621952673897
2110	5	0.08741117038045587
2110	6	0.07924423180236317
2110	7	-0.19402557209964755
2110	8	0.0686169295564838
2110	9	0.19441017479720557
2110	10-14	0.160697950887581
2110	15-19	0.14673230624538292
2110	20-24	-9.91347153473896
2110	25-29	-7.77989832402568
2110	30-34	0.41428124362809626
2110	35-39	1.8580047183055726
2110	40-44	0.5096072006857284
2110	45-49	0.08213404217546127
2110	50-54	0.04671677478578573
2110	55-59	0.12510246123183322
2110	60-64	-0.053820703851741314
2110	65-69	0.10905788003065453
2110	70-74	1.3362671348690682
2110	75-79	-0.16194566275370192
2110	80-84	0.19612297028759684
2110	85-89	1.8833283625616914
2110	90-94	2.390164643958961
2110	95-99	1.5251672646294594
2110	100-104	2.1364249485463915
2110	105-109	-0.382830082657307
2110	110-114	-0.16609126270046914
2110	115-119	1.7104589580067682
2110	120-124	-0.36364766201456433
2110	125-129	-9.569861966145837
2110	130-134	-2.4965452845942693
2110	135-139	-0.3617800290578259
2110	140-144	0.06848207051259436
2110	145-149	0.45130370472522685
2110	150-154	1.333746982686371
2110	155-159	-0.4052110934208102
2110	160-164	-0.22153210453407723
2110	165-169	-0.25330211812475767
2110	170-174	-0.172155535461485
2110	175-179	-0.021685630184123283
2110	180-184	-0.2619326909755131
2110	185-189	-0.33319238452980926
2110	190-194	-0.24619725497630185
2110	195-199	-0.5877703620527086
2110	200-204	-0.6443656817834658
2110	205-209	-0.4131196678590463
2110	210-214	-0.7432409160363989
2110	215-219	-0.8347048995123174
2110	220-224	-0.5775160586995298
2110	225-229	-0.8666053731644361
2110	230-234	-0.8861379158274332
2110	235-239	-1.0743572165021291
2110	240-244	-0.9859187564971705
2110	245-249	-0.10495345677756518
2110	250-254	-1.1264448551036317
2110	255-259	-0.988654841611833
2110	260-264	-0.7209900134766869
2110	265-269	-0.3869004616463876
2110	270-274	-0.1016077695890587
2110	275-279	-0.047118458110727346
2110	280-284	-0.34491488014906224
2110	285-289	-0.2301813616881283
2110	290-294	-0.3835358128331876
2110	295-299	-0.3513805941050059
2110	300-301	-0.051937685135186484
2111	1	0.14546831066283517
2111	2	1.1650977896746895
2111	3	1.3118033016399337
2111	4	0.21556884000449372
2111	5	0.0601217205575324
2111	6	0.10614728499847814
2111	7	-0.04274423811032335
2111	8	0.11455279170116484
2111	9	0.1938654055658091
2111	10-14	-0.0864899452980552
2111	15-19	0.09639067681694513
2111	20-24	-9.748320273653896
2111	25-29	-7.621919329234288
2111	30-34	0.4214943655811041
2111	35-39	2.1380703549683133
2111	40-44	0.4686118786328777
2111	45-49	-0.029235084527108768
2111	50-54	-0.16612106084699008
2111	55-59	0.3712821082811075
2111	60-64	-0.028336790414748236
2111	65-69	0.07013934254271703
2111	70-74	1.1460056596991137
2111	75-79	-0.20150082633814748
2111	80-84	-0.12823746878127196
2111	85-89	2.132577528697176
2111	90-94	2.2021937252572172
2111	95-99	1.777555341601932
2111	100-104	2.0164921432662197
2111	105-109	0.325121520355097
2111	110-114	-0.713580681226361
2111	115-119	2.2277780843326624
2111	120-124	0.13508915288448264
2111	125-129	-1.3278535270980711
2111	130-134	-0.6035207276788697
2111	135-139	-0.10694914373626574
2111	140-144	-0.1349187341450957
2111	145-149	0.37221389029893714
2111	150-154	1.321559104730504
2111	155-159	0.43917553457087877
2111	160-164	-0.3527078386735525
2111	165-169	-0.494020270691621
2111	170-174	0.018888449244087724
2111	175-179	0.31586628343444545
2111	180-184	0.02699357316915041
2111	185-189	0.2883041961163926
2111	190-194	-0.2892003896929296
2111	195-199	0.05964114259899134
2111	200-204	-0.014483830102690831
2111	205-209	0.07723157055674434
2111	210-214	-0.37081930633080873
2111	215-219	-0.09817441397084536
2111	220-224	-0.04801820722876471
2111	225-229	-0.14482993168611458
2111	230-234	-0.20164258013667435
2111	235-239	0.15838402654852857
2111	240-244	-0.41997682996479213
2111	245-249	0.8669049977555083
2111	250-254	-0.18488998337481632
2111	255-259	-0.44812153415765366
2111	260-264	-0.15911237798422917
2111	265-269	0.20498004530711356
2111	270-274	0.48003743342028216
2111	275-279	0.3767723397001319
2111	280-284	0.6963750032854961
2111	285-289	0.6928293038876063
2111	290-294	0.16915993108561977
2111	295-299	0.37797634362821597
2111	300-301	0.523108646484058
>>END_MODULE
>>Per sequence quality scores	pass
#Quality	Count
2	3763.0
3	0.0
4	0.0
5	0.0
6	0.0
7	0.0
8	0.0
9	2.0
10	23.0
11	73.0
12	162.0
13	379.0
14	867.0
15	2264.0
16	6042.0
17	11980.0
18	19236.0
19	28766.0
20	36969.0
21	43629.0
22	50452.0
23	60643.0
24	76127.0
25	97143.0
26	126309.0
27	167744.0
28	225314.0
29	301119.0
30	406688.0
31	552108.0
32	762584.0
33	1062725.0
34	1518673.0
35	2642216.0
36	5016243.0
37	4357405.0
>>END_MODULE
>>Per base sequence content	fail
#Base	G	A	T	C
1	20.600038160256684	9.337371960499125	7.85256001588341	62.21002986336078
2	24.401517028917414	13.22186085964582	39.11445559588902	23.262166515547744
3	24.69489942044859	18.6694448430467	20.563561766592183	36.07209396991253
4	29.876922970120678	25.51630436483511	15.857335506038508	28.7494371590057
5	30.24279083736399	25.84678793509744	20.29721886227441	23.613202365264165
6	26.43152609681923	29.108310427660133	20.100330689543036	24.359832785977602
7	20.64828634785622	14.675942180066201	38.04269065379452	26.633080818283055
8	22.738495216054957	17.15004963330533	28.421507253518502	31.68994789712121
9	24.925945515177776	18.074916274915875	29.44583966493465	27.5532985449717
10-14	26.540918677364655	23.389160379426528	22.622211655004907	27.44770928820391
15-19	27.214512040485552	22.745592378141282	22.599137492491696	27.440758088881473
20-24	27.88936681165245	23.681694935005787	22.57268069772918	25.856257555612583
25-29	27.02376036149689	22.589478241387603	23.664815317827472	26.721946079288035
30-34	26.42246296788607	23.536024004812543	23.12761525013574	26.91389777716565
35-39	26.358948425262934	22.344672344681214	23.33520457596936	27.961174654086495
40-44	26.962711688688824	21.928245511908344	23.333651024372617	27.77539177503022
45-49	26.381223236619196	22.115290878919158	23.429036644644682	28.074449239816968
50-54	27.168565778499843	23.271824094329567	22.3007213340893	27.258888793081287
55-59	27.92072626326958	21.50063959866578	23.171973467796363	27.40666067026828
60-64	28.319261056103862	21.494653912752508	23.13735559636325	27.048729434780377
65-69	28.13254455101542	21.771706776190943	23.15879187946982	26.936956793323812
70-74	28.02385810378395	23.21660164916641	21.618483053279018	27.141057193770624
75-79	28.10648196969848	22.049737391357265	22.128936361493412	27.714844277450844
80-84	27.144730682153373	21.198956621396324	23.31605488373432	28.340257812715986
85-89	27.732493424695008	23.305405315311543	21.501218259791898	27.46088300020155
90-94	27.880211719305475	22.394859386944884	22.060831279619908	27.664097614129734
95-99	26.493902521828687	23.433242177183033	21.932978151806708	28.13987714918157
100-104	26.019865851612668	22.442607533563873	22.849882139937563	28.687644474885893
105-109	28.37309455145629	22.424344824638666	22.8014327711311	26.401127852773943
110-114	28.414338584582012	22.475061909388476	22.376228138393614	26.7343713676359
115-119	27.802440829354907	23.618936731884652	21.098065123334543	27.480557315425898
120-124	28.347968653016913	23.214083287139644	20.76316511625174	27.674782943591698
125-129	28.16537639788368	23.229355664785686	20.793259661961926	27.812008275368704
130-134	27.90680063591053	22.1744387459962	21.466822124689124	28.451938493404143
135-139	28.859758304275722	22.262905509323986	21.24567769125181	27.631658495148482
140-144	28.49653310951281	23.575342566324984	21.11454811342878	26.813576210733427
145-149	28.960591743218046	22.800927990546118	21.438773383210506	26.79970688302533
150-154	29.137956061238647	21.97035955418918	20.300905367163516	28.590779017408657
155-159	28.811037823113594	22.412464434183306	20.275163849534657	28.501333893168436
160-164	30.12064696747665	22.32036919577437	20.25790118326371	27.30108265348527
165-169	29.67243551979565	22.08137374329603	21.16945328164283	27.076737455265494
170-174	28.65197014885461	22.555207156236364	21.987407484989543	26.80541520991948
175-179	26.125998061688342	23.740822270976576	22.809602419578304	27.32357724775678
180-184	27.17974241853668	23.91615571954888	21.856027801798554	27.04807406011589
185-189	26.366171958466474	24.016325575124437	22.100051176710362	27.517451289698723
190-194	27.249084890042536	24.65938065958787	21.688321133273387	26.40321331709621
195-199	26.665608021291	24.98907180319268	20.73346294461605	27.61185723090027
200-204	27.802653297723168	25.350971020084938	20.0834857546732	26.76288992751869
205-209	27.30420632077839	26.933125447367996	19.01942552566989	26.74324270618372
210-214	28.058481447063215	26.06689905095015	20.330703994497412	25.543915507489224
215-219	26.969103774831083	26.455309877128606	20.242923793981852	26.332662554058462
220-224	26.402744483804625	26.779395225503897	20.62476127623466	26.193099014456813
225-229	26.366787900565676	26.95261713301746	20.85957114572765	25.82102382068921
230-234	26.481346424570727	26.661588939111507	20.51392075996849	26.343143876349274
235-239	24.504725862495313	28.83467425918636	19.95012968126348	26.710470197054843
240-244	23.987944472257563	30.956195960167477	19.415465395746867	25.640394171828092
245-249	23.78698483092459	32.55907780548835	18.548285840707543	25.105651522879512
250-254	22.042618393157717	34.38372768305247	17.985059254487656	25.58859466930216
255-259	21.462104520333046	37.80870282477381	17.061107396716764	23.668085258176383
260-264	21.771455576822344	38.95568712363571	15.822070955595516	23.45078634394643
265-269	20.230393818175713	40.260853179707205	15.722753117354818	23.78599988476226
270-274	19.759288515948896	40.127582799881765	15.591535073664756	24.521593610504585
275-279	19.990852947956963	40.70620245179629	15.303998165839522	23.998946434407227
280-284	19.8037487784231	39.33928728502869	15.814133089945988	25.04283084660222
285-289	19.448803926962796	39.04551857500451	15.731375166976793	25.774302331055903
290-294	18.743681807090322	38.62822014139409	15.844055532214298	26.784042519301295
295-299	19.23975625565993	38.19708607537803	15.566050772327872	26.99710689663416
300-301	21.301777530670808	22.69258835376424	20.858653248489865	35.14698086707509
>>END_MODULE
>>Per sequence GC content	warn
#GC Content	Count
0	3763.0
1	1881.5
2	0.0
3	0.0
4	0.0
5	0.0
6	0.5
7	1.5
8	1.25
9	0.5
10	2.333333333333333
11	3.3333333333333335
12	3.5
13	9.25
14	14.75
15	18.75
16	32.58333333333333
17	59.00000000000001
18	87.08333333333334
19	128.5
20	210.91666666666669
21	336.08333333333326
22	536.6666666666665
23	843.9166666666669
24	1318.666666666667
25	1977.9166666666626
26	3054.250000000008
27	4722.250000000003
28	6813.24999999992
29	9503.49999999997
30	12962.2500000003
31	17073.83333333388
32	21946.083333332957
33	27661.33333333146
34	33885.41666666411
35	40646.83333333392
36	47800.50000000412
37	55566.333333341914
38	64079.41666668066
39	75081.75000000288
40	94664.41666664815
41	137712.9166666458
42	208781.4166667231
43	315110.33333332476
44	442400.5833331773
45	514512.7499995668
46	523041.9999989479
47	543726.2499988865
48	625811.0833335372
49	690524.5833338131
50	690100.6666672002
51	663980.4166672981
52	671116.0833340203
53	688916.9166673501
54	705352.416667012
55	681314.499999946
56	618124.166666094
57	568523.5833320074
58	480768.24999827676
59	468852.5833321478
60	497052.4166655184
61	446795.49999909435
62	337128.749999741
63	262196.91666705493
64	256866.00000030242
65	276881.75000032317
66	286552.33333365805
67	253172.16666720813
68	202644.00000025114
69	187269.75000013396
70	173723.75000009508
71	152307.25000001537
72	149459.83333333454
73	130656.41666666573
74	100464.91666666658
75	75625.50000000001
76	50130.25
77	24442.666666666668
78	8043.25
79	3580.5
80	1542.25
81	257.08333333333337
82	31.833333333333336
83	16.416666666666664
84	13.0
85	9.75
86	10.75
87	14.25
88	12.25
89	14.75
90	15.5
91	14.75
92	11.25
93	9.75
94	6.25
95	4.5
96	3.75
97	2.5
98	2.25
99	5.0
100	9.333333333333332
>>END_MODULE
>>Per base N content	warn
#Base	N-Count
1	0.05479686474549951
2	2.7098392230860466
3	2.8678353326906993
4	0.021942639879920227
5	0.021601297283914207
6	0.02140786981284413
7	0.021493205461845636
8	0.02140786981284413
9	0.02140786981284413
10-14	0.021620640031021217
15-19	0.021459071202245033
20-24	0.9957077306360896
25-29	3.589039898853362
30-34	4.086792499201258
35-39	3.7691194483678845
40-44	0.008362167274349358
45-49	0.0034592418837494617
50-54	0.0026741673284443393
55-59	0.4814455734939965
60-64	0.0016684978382987563
65-69	0.003217400980525735
70-74	2.416057017635651
75-79	0.007067475464223617
80-84	0.004596814371085654
85-89	3.4813966284033193
90-94	5.403736471940092
95-99	2.4077006697330616
100-104	5.0146510981584695
105-109	7.451993562190671E-4
110-114	0.0037664725215384724
115-119	4.054984312635881
120-124	0.0598965740607692
125-129	0.6087122758968315
130-134	0.1266343730099327
135-139	0.1053620516364905
140-144	0.04253755923986968
145-149	1.0873525874934085
150-154	1.9100333929231181
155-159	0.6129885454084557
160-164	0.14244460451201257
165-169	0.05532929171294222
170-174	0.5113299099893988
175-179	0.01665112092441735
180-184	0.05841181490860468
185-189	0.10938861651215571
190-194	0.08027181476347213
195-199	0.026857972943693496
200-204	0.03446024804760714
205-209	0.09803434798444238
210-214	0.2683567741670356
215-219	0.23663157524822595
220-224	0.06778951029792789
225-229	0.07092080983581643
230-234	0.17935207889546897
235-239	0.29056299311228334
240-244	0.21745159318410978
245-249	2.5430748549430784
250-254	0.22026348385554168
255-259	0.20256790722992624
260-264	0.20864234182939065
265-269	0.29368684119498895
270-274	0.4510255353943188
275-279	0.5628639525550561
280-284	0.5158627639345005
285-289	0.49647239432791856
290-294	0.34561500597577294
295-299	0.1939829576588154
300-301	0.2421726444191113
>>END_MODULE
>>Sequence Length Distribution	warn
#Length	Count
30-39	5035.0
40-49	3513.0
50-59	6276.0
60-69	12947.0
70-79	31025.0
80-89	84771.0
90-99	250179.0
100-109	567237.0
110-119	1054911.0
120-129	1531739.0
130-139	1552302.0
140-149	1569496.0
150-159	1491782.0
160-169	1246436.0
170-179	1103334.0
180-189	961658.0
190-199	864065.0
200-209	734296.0
210-219	569012.0
220-229	407336.0
230-239	332275.0
240-249	248890.0
250-259	175797.0
260-269	163623.0
270-279	98251.0
280-289	88186.0
290-299	227406.0
300-302	2195870.0
>>END_MODULE
>>Sequence Duplication Levels	fail
#Total Deduplicated Percentage	45.425402188530555
#Duplication Level	Percentage of deduplicated	Percentage of total
1	86.68698049051605	39.37790953290994
2	4.873687966538425	4.427784720428193
3	2.1282478125235103	2.900295385222225
4	1.145512829236496	2.0814152392075744
5	0.7173127514749211	1.629211011535488
6	0.49913094316986256	1.3603934302938956
7	0.41261434176081657	1.3120220696268625
8	0.3240825201285589	1.177726305528987
9	0.32424355419374323	1.325600447066045
>10	2.437438399253645	22.883925943701524
>50	0.3163901428952591	9.873677230233655
>100	0.1299233224767344	9.900715485171746
>500	0.003412572553972828	1.0279933020031848
>1k	0.001022353277981441	0.72132989707067
>5k	0.0	0.0
>10k+	0.0	0.0
>>END_MODULE
>>Overrepresented sequences	pass
>>END_MODULE
>>Adapter Content	pass
#Position	Illumina Universal Adapter	Illumina Small RNA Adapter	Nextera Transposase Sequence
1	1.9342747107007718E-4	0.0	0.0
2	1.9911651433684416E-4	0.0	0.0
3	1.9911651433684416E-4	0.0	0.0
4	2.0480555760361114E-4	0.0	0.0
5	2.2187268740391205E-4	0.0	0.0
6	2.560069470045139E-4	0.0	5.689043266766976E-6
7	2.616959902712809E-4	5.689043266766976E-6	5.689043266766976E-6
8	2.616959902712809E-4	5.689043266766976E-6	5.689043266766976E-6
9	2.6738503353804786E-4	5.689043266766976E-6	5.689043266766976E-6
10-14	2.810387373782886E-4	5.689043266766976E-6	5.689043266766976E-6
15-19	3.2882670081913124E-4	5.689043266766976E-6	1.4791512493594135E-5
20-24	3.811658988733874E-4	5.689043266766976E-6	3.8685494214015435E-5
25-29	4.744662084483658E-4	5.689043266766976E-6	3.9823302867368834E-5
30-34	6.121410555041267E-4	5.689043266766976E-6	3.9823302867368834E-5
35-39	7.452646679464739E-4	5.689043266766976E-6	4.323672882742902E-5
40-44	8.635967678952269E-4	5.689043266766976E-6	5.120138940090278E-5
45-49	0.0010490595783918303	5.689043266766976E-6	5.120138940090278E-5
50-54	0.0012936884388628101	5.689043266766976E-6	6.144166728108333E-5
55-59	0.0016509603560157765	5.689043266766976E-6	6.940632785455711E-5
60-64	0.002065122705836412	5.689043266766976E-6	7.395756246797069E-5
65-69	0.0027159492555545546	5.689043266766976E-6	7.850879708138427E-5
70-74	0.003490796948488217	5.689043266766976E-6	8.192222304144445E-5
75-79	0.004652499583562032	5.689043266766976E-6	8.988688361491821E-5
80-84	0.0061930925002025294	5.689043266766976E-6	9.671373553503859E-5
85-89	0.00824114807623864	5.689043266766976E-6	1.0695401341521914E-4
90-94	0.01157151400460403	5.689043266766976E-6	1.0809182206857252E-4
95-99	0.018571312840034115	5.689043266766976E-6	1.1150524802863273E-4
100-104	0.03090515864238492	5.689043266766976E-6	1.2857237782893364E-4
105-109	0.05029796933014019	5.689043266766976E-6	1.3881265570911421E-4
110-114	0.07715594259254707	5.689043266766976E-6	1.4791512493594138E-4
115-119	0.11319716949616923	5.689043266766976E-6	1.5929321146947533E-4
120-124	0.16644547666445478	5.689043266766976E-6	1.7067129800300932E-4
125-129	0.23124595509023732	5.689043266766976E-6	1.7636034126977624E-4
130-134	0.2976439168653281	5.689043266766976E-6	1.90014045110017E-4
135-139	0.3662435383846576	5.689043266766976E-6	1.9342747107007718E-4
140-144	0.4247928960689166	5.689043266766976E-6	2.0139213164355093E-4
145-149	0.4812441345963919	5.689043266766976E-6	2.048055576036111E-4
150-154	0.5444983310622672	5.689043266766976E-6	2.0708117491031794E-4
155-159	0.6114378897563542	5.689043266766976E-6	2.2301049605726546E-4
160-164	0.668972322121822	5.689043266766976E-6	2.469044777776867E-4
165-169	0.723229865565632	5.689043266766976E-6	2.560069470045139E-4
170-174	0.7773565610143064	5.689043266766976E-6	2.571447556578673E-4
175-179	0.8295364658570931	5.689043266766976E-6	2.7307407680481484E-4
180-184	0.8803259685254818	5.689043266766976E-6	2.7307407680481484E-4
185-189	0.9295737404685769	5.689043266766976E-6	2.9469244121852937E-4
190-194	0.975852969635073	5.689043266766976E-6	3.072083364054167E-4
195-199	1.0230469969588651	5.689043266766976E-6	3.106217623654769E-4
200-204	1.0723596239952011	5.689043266766976E-6	3.128973796721837E-4
205-209	1.119291955328722	5.689043266766976E-6	3.128973796721837E-4
210-214	1.1641762310862067	5.689043266766976E-6	3.128973796721837E-4
215-219	1.2121837915971467	5.689043266766976E-6	3.128973796721837E-4
220-224	1.2624555913282596	5.689043266766976E-6	3.128973796721837E-4
225-229	1.3152999764246047	5.689043266766976E-6	3.208620402456575E-4
230-234	1.377475530287101	5.689043266766976E-6	3.299645094724846E-4
235-239	1.4408526100875385	5.689043266766976E-6	3.299645094724846E-4
240-244	1.4996864199351356	5.689043266766976E-6	3.299645094724846E-4
245-249	1.5588854663604597	5.689043266766976E-6	3.299645094724846E-4
250-254	1.6125001479151249	5.689043266766976E-6	3.299645094724846E-4
255-259	1.6518706029384593	5.689043266766976E-6	3.299645094724846E-4
260-264	1.6863712369254409	5.689043266766976E-6	3.299645094724846E-4
265-269	1.7230610147614744	5.689043266766976E-6	3.345157440858981E-4
270-274	1.7495730941932617	5.689043266766976E-6	3.4020478735266515E-4
275-279	1.7708250842205966	5.689043266766976E-6	3.4134259600601853E-4
280-284	1.7852900456306782	5.689043266766976E-6	3.4134259600601853E-4
285-289	1.7997515936147999	5.689043266766976E-6	3.4134259600601853E-4
>>END_MODULE
>>Kmer Content	fail
#Sequence	Count	PValue	Obs/Exp Max	Max Obs/Exp Position
GTCCCAT	2465	0.0	138.62027	295
CCGATGG	1835	0.0	138.15726	295
TATGCCC	2175	0.0	121.6281	295
TCAAGCC	2625	0.0	109.17569	295
TGCCAGT	12515	0.0	100.85823	2
CTGCCAG	13945	0.0	90.85568	1
GCCAGTA	14040	0.0	89.32042	3
ACCCCTT	3550	0.0	83.83344	295
CGGGTCT	2125	0.0	79.33504	1
CCAGTAG	15825	0.0	79.24801	4
GACGTAG	2775	0.0	77.858475	9
AGACGTA	2810	0.0	76.8887	8
TCACCCG	23510	0.0	75.99385	3
ATTGCCC	1655	0.0	73.261635	295
GTAGCAT	17245	0.0	73.005325	7
TAGCATA	17635	0.0	71.39101	8
CTCACCC	25480	0.0	69.988304	2
CGTCTTT	3640	0.0	69.64796	295
CCCGTAT	3095	0.0	67.66668	295
TCCGTCA	16620	0.0	67.60749	3
>>END_MODULE
