ID	lgth	out	in	long_cov	short1_cov	short1_Ocov	short2_cov	short2_Ocov	long_nb	short1_nb	short2_nb
1	7	4	2	0.000000	996.714286	603.714286	0.000000	0.000000	0	1035	0
2	2	1	1	0.000000	27.000000	27.000000	0.000000	0.000000	0	27	0
3	3	2	2	0.000000	940.666667	346.000000	0.000000	0.000000	0	922	0
4	22	1	1	0.000000	15.590909	13.727273	0.000000	0.000000	0	26	0
5	3	1	2	0.000000	62.000000	21.666667	0.000000	0.000000	0	60	0
6	7	2	2	0.000000	86.142857	45.428571	0.000000	0.000000	0	103	0
7	35	2	1	0.000000	67.600000	30.857143	0.000000	0.000000	0	87	0
8	9	1	1	0.000000	59.000000	20.444444	0.000000	0.000000	0	57	0
9	1	2	2	0.000000	798.000000	156.000000	0.000000	0.000000	0	456	0
10	1	1	4	0.000000	2425.000000	1648.000000	0.000000	0.000000	0	2355	0
11	1	4	4	0.000000	2522.000000	1682.000000	0.000000	0.000000	0	2362	0
12	0	1	1	Inf	Inf	Inf	Inf	Inf	0	2183	0
13	1	1	2	0.000000	2316.000000	936.000000	0.000000	0.000000	0	2020	0
14	0	1	2	Inf	Inf	Inf	Inf	Inf	0	1442	0
15	0	4	4	Inf	Inf	Inf	Inf	Inf	0	1514	0
16	2	1	2	0.000000	974.000000	221.500000	0.000000	0.000000	0	1412	0
17	2	2	2	0.000000	1057.500000	239.500000	0.000000	0.000000	0	1495	0
18	84	1	0	0.000000	54.904762	34.928571	0.000000	0.000000	0	80	0
19	5	1	2	0.000000	1967.200000	557.200000	0.000000	0.000000	0	1171	0
20	2	1	2	0.000000	1969.000000	672.000000	0.000000	0.000000	0	1152	0
21	1	1	2	0.000000	2058.000000	1424.000000	0.000000	0.000000	0	1226	0
22	2	2	2	0.000000	2118.000000	1426.000000	0.000000	0.000000	0	1252	0
23	316	0	2	0.000000	147.401899	89.297468	0.000000	0.000000	0	182	0
24	128	2	0	0.000000	60.976562	53.562500	0.000000	0.000000	0	111	0
25	1	1	1	0.000000	406.000000	397.000000	0.000000	0.000000	0	168	0
26	0	1	2	Inf	Inf	Inf	Inf	Inf	0	667	0
27	72	0	0	0.000000	58.527778	17.597222	0.000000	0.000000	0	624	0
28	1	2	1	0.000000	1623.000000	308.000000	0.000000	0.000000	0	503	0
29	54	1	0	0.000000	144.259259	116.962963	0.000000	0.000000	0	90	0
30	321	3	0	0.000000	64.404984	58.601246	0.000000	0.000000	0	3028	0
31	5	2	1	0.000000	3001.200000	2590.200000	0.000000	0.000000	0	3067	0
32	2	1	3	0.000000	2981.000000	2527.000000	0.000000	0.000000	0	2977	0
33	8	1	2	0.000000	2910.250000	2383.875000	0.000000	0.000000	0	3059	0
34	19	1	2	0.000000	1329.684211	1138.157895	0.000000	0.000000	0	2881	0
35	3	3	2	0.000000	395.333333	315.666667	0.000000	0.000000	0	453	0
36	1	2	1	0.000000	48.000000	48.000000	0.000000	0.000000	0	48	0
37	3	2	1	0.000000	44.666667	44.666667	0.000000	0.000000	0	46	0
38	9	2	1	0.000000	50.444444	50.444444	0.000000	0.000000	0	74	0
39	2	2	2	0.000000	64.000000	64.000000	0.000000	0.000000	0	69	0
40	22	1	1	0.000000	30.136364	25.954545	0.000000	0.000000	0	51	0
41	57	1	1	0.000000	29.842105	14.035088	0.000000	0.000000	0	50	0
42	1	1	2	0.000000	68.000000	18.000000	0.000000	0.000000	0	484	0
43	1	1	2	0.000000	2422.000000	118.000000	0.000000	0.000000	0	2346	0
44	1	2	2	0.000000	2497.000000	112.000000	0.000000	0.000000	0	2299	0
45	3	2	1	0.000000	2446.666667	39.666667	0.000000	0.000000	0	2332	0
46	1	2	1	0.000000	2431.000000	113.000000	0.000000	0.000000	0	2228	0
47	1	2	1	0.000000	2392.000000	109.000000	0.000000	0.000000	0	2112	0
48	1	3	1	0.000000	2366.000000	109.000000	0.000000	0.000000	0	2120	0
49	52	1	0	0.000000	17.788462	8.653846	0.000000	0.000000	0	36	0
50	1	3	2	0.000000	109.000000	38.000000	0.000000	0.000000	0	50	0
51	4	2	1	0.000000	52.750000	27.750000	0.000000	0.000000	0	50	0
52	57	0	1	0.000000	25.070175	10.877193	0.000000	0.000000	0	35	0
53	12	1	1	0.000000	656.083333	33.333333	0.000000	0.000000	0	1095	0
54	16	1	2	0.000000	29.000000	17.187500	0.000000	0.000000	0	30	0
55	6	1	2	0.000000	63.500000	55.166667	0.000000	0.000000	0	47	0
56	1	1	2	0.000000	74.000000	68.000000	0.000000	0.000000	0	54	0
57	3	1	2	0.000000	94.000000	80.333333	0.000000	0.000000	0	65	0
58	2	2	2	0.000000	181.500000	78.000000	0.000000	0.000000	0	96	0
59	1	2	1	0.000000	76.000000	48.000000	0.000000	0.000000	0	40	0
60	69	0	1	0.000000	25.579710	12.652174	0.000000	0.000000	0	35	0
61	173	2	0	0.000000	489.514451	304.450867	0.000000	0.000000	0	398	0
62	321	0	0	0.000000	26.221184	21.000000	0.000000	0.000000	0	37	0
63	35	1	1	0.000000	114.285714	90.628571	0.000000	0.000000	0	60	0
64	8	1	2	0.000000	90.375000	85.875000	0.000000	0.000000	0	24	0
65	1	1	2	0.000000	98.000000	98.000000	0.000000	0.000000	0	17	0
66	2	1	2	0.000000	375.000000	262.000000	0.000000	0.000000	0	19	0
67	3	1	1	0.000000	52.666667	52.666667	0.000000	0.000000	0	24	0
68	52	1	2	0.000000	42.038462	10.615385	0.000000	0.000000	0	80	0
69	18	1	1	0.000000	12.388889	8.666667	0.000000	0.000000	0	21	0
70	2	2	2	0.000000	72.500000	24.500000	0.000000	0.000000	0	80	0
71	57	2	1	0.000000	53.298246	22.000000	0.000000	0.000000	0	213	0
72	3	2	1	0.000000	913.000000	175.333333	0.000000	0.000000	0	897	0
73	1	1	2	0.000000	2150.000000	193.000000	0.000000	0.000000	0	1212	0
74	6	1	1	0.000000	21.666667	21.666667	0.000000	0.000000	0	21	0
75	4	1	1	0.000000	608.250000	48.500000	0.000000	0.000000	0	787	0
76	2	1	4	0.000000	913.000000	154.500000	0.000000	0.000000	0	897	0
77	1	2	4	0.000000	1892.000000	148.000000	0.000000	0.000000	0	1505	0
78	9	1	1	0.000000	38.111111	24.333333	0.000000	0.000000	0	48	0
79	60	1	0	0.000000	20.216667	8.016667	0.000000	0.000000	0	33	0
80	25	2	1	0.000000	41.640000	18.360000	0.000000	0.000000	0	37	0
81	36	1	1	0.000000	12.444444	11.666667	0.000000	0.000000	0	9	0
82	2	1	2	0.000000	32.500000	15.500000	0.000000	0.000000	0	17	0
83	1	2	1	0.000000	3589.000000	97.000000	0.000000	0.000000	0	1042	0
84	0	2	2	Inf	Inf	Inf	Inf	Inf	0	985	0
85	104	1	1	0.000000	21.980769	15.048077	0.000000	0.000000	0	65	0
86	13	1	1	0.000000	34.153846	20.076923	0.000000	0.000000	0	38	0
87	6	1	2	0.000000	40.833333	9.833333	0.000000	0.000000	0	39	0
88	92	1	1	0.000000	12.402174	8.771739	0.000000	0.000000	0	930	0
89	983	0	0	0.000000	16.691760	14.733469	0.000000	0.000000	0	67	0
90	79	1	1	0.000000	130.949367	81.873418	0.000000	0.000000	0	80	0
91	1	1	2	0.000000	173.000000	161.000000	0.000000	0.000000	0	61	0
92	1	2	2	0.000000	208.000000	174.000000	0.000000	0.000000	0	61	0
93	1	2	1	0.000000	169.000000	157.000000	0.000000	0.000000	0	59	0
94	17	1	2	0.000000	97.352941	67.235294	0.000000	0.000000	0	38	0
95	33	2	2	0.000000	136.606061	15.787879	0.000000	0.000000	0	172	0
96	12	1	1	0.000000	138.333333	28.166667	0.000000	0.000000	0	140	0
97	1	1	2	0.000000	179.000000	74.000000	0.000000	0.000000	0	120	0
98	8	1	1	0.000000	72.250000	51.625000	0.000000	0.000000	0	76	0
99	5	2	2	0.000000	243.800000	17.000000	0.000000	0.000000	0	294	0
100	4	1	3	0.000000	314.250000	74.500000	0.000000	0.000000	0	284	0
101	2	1	1	0.000000	37.000000	37.000000	0.000000	0.000000	0	39	0
102	2	1	1	0.000000	1411.000000	341.500000	0.000000	0.000000	0	1063	0
103	4	2	1	0.000000	93.250000	93.000000	0.000000	0.000000	0	76	0
104	1	2	2	0.000000	84.000000	82.000000	0.000000	0.000000	0	69	0
105	2	2	1	0.000000	71.000000	49.500000	0.000000	0.000000	0	60	0
106	16	1	1	0.000000	33.250000	28.125000	0.000000	0.000000	0	33	0
107	5	1	2	0.000000	65.800000	16.600000	0.000000	0.000000	0	48	0
108	2	1	2	0.000000	80.500000	27.500000	0.000000	0.000000	0	39	0
109	7	1	2	0.000000	101.857143	52.857143	0.000000	0.000000	0	702	0
110	1	1	2	0.000000	131.000000	19.000000	0.000000	0.000000	0	662	0
111	24	1	1	0.000000	52.625000	9.833333	0.000000	0.000000	0	566	0
112	3	1	1	0.000000	24.333333	24.333333	0.000000	0.000000	0	25	0
113	35	2	2	0.000000	46.800000	22.828571	0.000000	0.000000	0	63	0
114	3	4	1	0.000000	900.000000	466.000000	0.000000	0.000000	0	908	0
115	11	2	1	0.000000	67.272727	67.272727	0.000000	0.000000	0	76	0
116	1	1	1	0.000000	49.000000	49.000000	0.000000	0.000000	0	49	0
117	11	1	2	0.000000	242.727273	111.818182	0.000000	0.000000	0	308	0
118	9	2	1	0.000000	206.777778	123.000000	0.000000	0.000000	0	213	0
119	2	2	1	0.000000	174.000000	116.500000	0.000000	0.000000	0	174	0
120	2	1	2	0.000000	298.000000	146.000000	0.000000	0.000000	0	182	0
121	14	1	3	0.000000	283.642857	132.785714	0.000000	0.000000	0	292	0
122	0	2	1	Inf	Inf	Inf	Inf	Inf	0	1606	0
123	6	1	1	0.000000	259.500000	35.000000	0.000000	0.000000	0	1499	0
124	23	2	2	0.000000	190.652174	10.304348	0.000000	0.000000	0	1691	0
125	1	1	1	0.000000	1200.000000	67.000000	0.000000	0.000000	0	891	0
126	0	1	1	Inf	Inf	Inf	Inf	Inf	0	776	0
127	54	1	1	0.000000	83.277778	27.018519	0.000000	0.000000	0	198	0
128	1	1	2	0.000000	1333.000000	190.000000	0.000000	0.000000	0	787	0
129	2	1	1	0.000000	652.000000	105.500000	0.000000	0.000000	0	730	0
130	2	1	2	0.000000	1922.000000	108.500000	0.000000	0.000000	0	841	0
131	3	2	2	0.000000	1333.333333	98.333333	0.000000	0.000000	0	867	0
132	5	1	1	0.000000	218.600000	76.200000	0.000000	0.000000	0	157	0
133	38	1	2	0.000000	48.105263	21.000000	0.000000	0.000000	0	649	0
134	181	0	0	0.000000	17.933702	16.845304	0.000000	0.000000	0	10	0
135	74	0	0	0.000000	16.135135	10.648649	0.000000	0.000000	0	42	0
136	1	2	2	0.000000	2765.000000	62.000000	0.000000	0.000000	0	1721	0
137	3	2	7	0.000000	1487.333333	23.000000	0.000000	0.000000	0	1337	0
138	5	1	1	0.000000	15.600000	15.600000	0.000000	0.000000	0	21	0
139	3	2	1	0.000000	492.666667	47.000000	0.000000	0.000000	0	1617	0
140	61	1	0	0.000000	19.918033	12.918033	0.000000	0.000000	0	16	0
141	1	1	2	0.000000	104.000000	9.000000	0.000000	0.000000	0	1111	0
142	1	1	3	0.000000	183.000000	13.000000	0.000000	0.000000	0	1125	0
143	1	3	2	0.000000	215.000000	22.000000	0.000000	0.000000	0	1142	0
144	23	1	1	0.000000	11.086957	7.173913	0.000000	0.000000	0	9	0
145	32	1	1	0.000000	119.062500	80.125000	0.000000	0.000000	0	72	0
146	945	0	2	0.000000	28.625397	23.620106	0.000000	0.000000	0	137	0
147	2	1	1	0.000000	230.000000	157.000000	0.000000	0.000000	0	228	0
148	6	1	1	0.000000	18.000000	18.000000	0.000000	0.000000	0	18	0
149	7	1	2	0.000000	303.285714	40.857143	0.000000	0.000000	0	280	0
150	10	2	2	0.000000	346.000000	49.400000	0.000000	0.000000	0	385	0
151	1	3	1	0.000000	363.000000	212.000000	0.000000	0.000000	0	225	0
152	5	1	1	0.000000	318.400000	70.400000	0.000000	0.000000	0	290	0
153	8	1	3	0.000000	369.500000	23.625000	0.000000	0.000000	0	371	0
154	1	1	2	0.000000	469.000000	122.000000	0.000000	0.000000	0	287	0
155	25	1	1	0.000000	178.840000	47.200000	0.000000	0.000000	0	340	0
156	56	0	1	0.000000	86.660714	41.625000	0.000000	0.000000	0	109	0
157	193	0	0	0.000000	116.020725	85.233161	0.000000	0.000000	0	99	0
158	5	1	1	0.000000	102.800000	102.800000	0.000000	0.000000	0	120	0
159	2	2	2	0.000000	152.000000	151.000000	0.000000	0.000000	0	152	0
160	8	2	1	0.000000	82.125000	22.125000	0.000000	0.000000	0	83	0
161	17	2	1	0.000000	73.705882	51.117647	0.000000	0.000000	0	78	0
162	4	2	1	0.000000	26.000000	22.750000	0.000000	0.000000	0	26	0
163	2	1	1	0.000000	17.000000	17.000000	0.000000	0.000000	0	18	0
164	3	2	2	0.000000	30.000000	30.000000	0.000000	0.000000	0	34	0
165	69	1	1	0.000000	52.913043	20.594203	0.000000	0.000000	0	75	0
166	7	1	1	0.000000	47.571429	19.428571	0.000000	0.000000	0	50	0
167	7	2	2	0.000000	62.285714	29.285714	0.000000	0.000000	0	68	0
168	2	1	1	0.000000	20.500000	20.500000	0.000000	0.000000	0	24	0
169	1	2	2	0.000000	1322.000000	45.000000	0.000000	0.000000	0	799	0
170	5	2	1	0.000000	1281.000000	39.400000	0.000000	0.000000	0	828	0
171	2	1	1	0.000000	1227.500000	46.000000	0.000000	0.000000	0	786	0
172	3	2	1	0.000000	39.333333	39.333333	0.000000	0.000000	0	29	0
173	3	1	1	0.000000	30.000000	30.000000	0.000000	0.000000	0	20	0
174	1	1	1	0.000000	57.000000	57.000000	0.000000	0.000000	0	27	0
175	103	1	1	0.000000	60.184466	38.776699	0.000000	0.000000	0	163	0
176	1	1	1	0.000000	1450.000000	12.000000	0.000000	0.000000	0	1148	0
177	1	5	4	0.000000	1810.000000	13.000000	0.000000	0.000000	0	1389	0
178	6	1	2	0.000000	342.666667	61.000000	0.000000	0.000000	0	348	0
179	25	2	1	0.000000	102.760000	41.240000	0.000000	0.000000	0	137	0
180	2	5	1	0.000000	1980.000000	572.500000	0.000000	0.000000	0	1047	0
181	0	2	1	Inf	Inf	Inf	Inf	Inf	0	909	0
182	0	1	2	Inf	Inf	Inf	Inf	Inf	0	880	0
183	0	4	3	Inf	Inf	Inf	Inf	Inf	0	893	0
184	0	2	1	Inf	Inf	Inf	Inf	Inf	0	745	0
185	0	4	1	Inf	Inf	Inf	Inf	Inf	0	715	0
186	0	3	2	Inf	Inf	Inf	Inf	Inf	0	556	0
187	0	4	2	Inf	Inf	Inf	Inf	Inf	0	466	0
188	0	2	1	Inf	Inf	Inf	Inf	Inf	0	359	0
189	0	2	1	Inf	Inf	Inf	Inf	Inf	0	301	0
190	0	2	2	Inf	Inf	Inf	Inf	Inf	0	329	0
191	3	2	2	0.000000	245.666667	41.000000	0.000000	0.000000	0	365	0
192	1	2	1	0.000000	263.000000	113.000000	0.000000	0.000000	0	259	0
193	1	2	1	0.000000	209.000000	88.000000	0.000000	0.000000	0	205	0
194	1	2	2	0.000000	165.000000	115.000000	0.000000	0.000000	0	164	0
195	7	2	1	0.000000	141.000000	77.857143	0.000000	0.000000	0	151	0
196	23	1	1	0.000000	94.478261	28.000000	0.000000	0.000000	0	131	0
197	22	1	1	0.000000	136.954545	64.045455	0.000000	0.000000	0	142	0
198	2	1	1	0.000000	106.000000	101.500000	0.000000	0.000000	0	107	0
199	1	1	2	0.000000	124.000000	101.000000	0.000000	0.000000	0	122	0
200	4	1	2	0.000000	178.250000	146.750000	0.000000	0.000000	0	178	0
201	3	2	2	0.000000	263.333333	141.333333	0.000000	0.000000	0	257	0
202	11	2	1	0.000000	150.454545	36.636364	0.000000	0.000000	0	164	0
203	73	1	0	0.000000	40.301370	17.178082	0.000000	0.000000	0	88	0
204	10	2	1	0.000000	42.500000	42.500000	0.000000	0.000000	0	51	0
205	17	1	1	0.000000	18.058824	15.941176	0.000000	0.000000	0	24	0
206	8	1	2	0.000000	38.000000	17.875000	0.000000	0.000000	0	36	0
207	47	1	2	0.000000	40.191489	15.425532	0.000000	0.000000	0	71	0
208	42	1	1	0.000000	12.380952	5.761905	0.000000	0.000000	0	33	0
209	13	2	1	0.000000	47.769231	32.230769	0.000000	0.000000	0	49	0
210	37	1	1	0.000000	37.675676	23.000000	0.000000	0.000000	0	33	0
211	12	1	2	0.000000	40.500000	31.083333	0.000000	0.000000	0	39	0
212	6	1	1	0.000000	39.833333	36.833333	0.000000	0.000000	0	51	0
213	5	2	1	0.000000	64.600000	62.600000	0.000000	0.000000	0	44	0
214	48	1	1	0.000000	17.437500	15.354167	0.000000	0.000000	0	27	0
215	55	1	1	0.000000	26.490909	21.727273	0.000000	0.000000	0	27	0
216	0	1	3	Inf	Inf	Inf	Inf	Inf	0	942	0
217	0	1	5	Inf	Inf	Inf	Inf	Inf	0	1161	0
218	3	1	1	0.000000	11.000000	11.000000	0.000000	0.000000	0	11	0
219	10	2	2	0.000000	65.700000	65.700000	0.000000	0.000000	0	71	0
220	2	1	2	0.000000	392.500000	23.000000	0.000000	0.000000	0	386	0
221	5	1	3	0.000000	2255.600000	11.400000	0.000000	0.000000	0	2257	0
222	2	1	1	0.000000	33.500000	33.500000	0.000000	0.000000	0	34	0
223	19	1	1	0.000000	28.263158	17.473684	0.000000	0.000000	0	37	0
224	44	1	1	0.000000	15.522727	9.000000	0.000000	0.000000	0	29	0
225	1	1	2	0.000000	26.000000	21.000000	0.000000	0.000000	0	20	0
226	12	2	2	0.000000	48.500000	39.166667	0.000000	0.000000	0	53	0
227	1	1	1	0.000000	20.000000	17.000000	0.000000	0.000000	0	18	0
228	28	1	1	0.000000	21.357143	12.178571	0.000000	0.000000	0	21	0
229	1	4	2	0.000000	1382.000000	15.000000	0.000000	0.000000	0	857	0
230	1	1	1	0.000000	1377.000000	18.000000	0.000000	0.000000	0	791	0
231	1	5	3	0.000000	1700.000000	17.000000	0.000000	0.000000	0	800	0
232	2	3	1	0.000000	1148.000000	18.000000	0.000000	0.000000	0	741	0
233	45	1	1	0.000000	20.000000	12.577778	0.000000	0.000000	0	17	0
234	8	1	1	0.000000	24.000000	24.000000	0.000000	0.000000	0	17	0
235	972	0	0	0.000000	28.388889	22.154321	0.000000	0.000000	0	98	0
236	890	0	0	0.000000	20.913483	19.542697	0.000000	0.000000	0	61	0
237	2	2	2	0.000000	150.000000	57.000000	0.000000	0.000000	0	136	0
238	2	1	1	0.000000	308.000000	182.500000	0.000000	0.000000	0	215	0
239	6	1	2	0.000000	239.666667	106.333333	0.000000	0.000000	0	234	0
240	5	1	1	0.000000	18.200000	18.200000	0.000000	0.000000	0	23	0
241	18	2	1	0.000000	126.000000	47.722222	0.000000	0.000000	0	133	0
242	11	2	1	0.000000	98.727273	47.909091	0.000000	0.000000	0	97	0
243	49	1	1	0.000000	75.836735	26.040816	0.000000	0.000000	0	86	0
244	1	3	1	0.000000	1127.000000	356.000000	0.000000	0.000000	0	722	0
245	1	1	1	0.000000	137.000000	137.000000	0.000000	0.000000	0	80	0
246	1	1	2	0.000000	164.000000	163.000000	0.000000	0.000000	0	100	0
247	53	1	1	0.000000	21.396226	16.207547	0.000000	0.000000	0	31	0
248	1	1	3	0.000000	176.000000	27.000000	0.000000	0.000000	0	168	0
249	3	1	1	0.000000	16.000000	16.000000	0.000000	0.000000	0	16	0
250	5	1	1	0.000000	15.600000	14.000000	0.000000	0.000000	0	18	0
251	1	1	1	0.000000	24.000000	14.000000	0.000000	0.000000	0	12	0
252	4	1	2	0.000000	30.250000	12.000000	0.000000	0.000000	0	22	0
253	39	1	2	0.000000	33.282051	11.897436	0.000000	0.000000	0	37	0
254	6	1	1	0.000000	39.833333	39.833333	0.000000	0.000000	0	22	0
255	20	1	1	0.000000	24.500000	23.050000	0.000000	0.000000	0	19	0
256	1	1	2	0.000000	120.000000	23.000000	0.000000	0.000000	0	785	0
257	63	1	1	0.000000	19.809524	9.793651	0.000000	0.000000	0	0	0
258	2	3	1	0.000000	347.000000	57.000000	0.000000	0.000000	0	77	0
259	11	1	1	0.000000	20.545455	17.181818	0.000000	0.000000	0	32	0
260	1	2	1	0.000000	2303.000000	276.000000	0.000000	0.000000	0	2252	0
261	1	1	1	0.000000	398.000000	271.000000	0.000000	0.000000	0	2167	0
262	11	1	1	0.000000	19.727273	17.363636	0.000000	0.000000	0	21	0
263	1	1	1	0.000000	1668.000000	30.000000	0.000000	0.000000	0	1292	0
264	24	1	1	0.000000	12.250000	9.333333	0.000000	0.000000	0	974	0
265	6	2	2	0.000000	98.500000	29.833333	0.000000	0.000000	0	101	0
266	1	1	2	0.000000	59.000000	25.000000	0.000000	0.000000	0	40	0
267	2	1	2	0.000000	78.500000	41.000000	0.000000	0.000000	0	46	0
268	0	1	3	Inf	Inf	Inf	Inf	Inf	0	934	0
269	6	1	2	0.000000	484.500000	41.500000	0.000000	0.000000	0	964	0
270	4	1	1	0.000000	32.000000	32.000000	0.000000	0.000000	0	26	0
271	23	1	1	0.000000	19.521739	13.000000	0.000000	0.000000	0	26	0
272	4	1	1	0.000000	10.500000	10.500000	0.000000	0.000000	0	12	0
273	1	2	2	0.000000	25.000000	25.000000	0.000000	0.000000	0	25	0
274	8	2	1	0.000000	10.750000	10.750000	0.000000	0.000000	0	12	0
275	10	1	1	0.000000	10.600000	10.600000	0.000000	0.000000	0	12	0
276	6	5	1	0.000000	246.833333	66.666667	0.000000	0.000000	0	256	0
277	43	1	1	0.000000	11.906977	10.116279	0.000000	0.000000	0	10	0
278	1	3	1	0.000000	69.000000	68.000000	0.000000	0.000000	0	68	0
279	4	1	1	0.000000	10.000000	10.000000	0.000000	0.000000	0	13	0
280	5	1	1	0.000000	13.600000	13.600000	0.000000	0.000000	0	15	0
281	91	2	1	0.000000	32.318681	19.747253	0.000000	0.000000	0	52	0
282	9	1	1	0.000000	9.111111	8.111111	0.000000	0.000000	0	9	0
283	14	1	1	0.000000	10.428571	9.642857	0.000000	0.000000	0	16	0
284	4	1	1	0.000000	65.750000	62.250000	0.000000	0.000000	0	38	0
285	1	1	3	0.000000	1379.000000	71.000000	0.000000	0.000000	0	814	0
286	1	10	2	0.000000	1451.000000	74.000000	0.000000	0.000000	0	862	0
287	11	1	1	0.000000	18.000000	18.000000	0.000000	0.000000	0	7	0
288	262	0	0	0.000000	52.190840	43.904580	0.000000	0.000000	0	68	0
289	9	1	1	0.000000	18.222222	14.222222	0.000000	0.000000	0	23	0
290	72	1	1	0.000000	100.222222	47.555556	0.000000	0.000000	0	147	0
291	1	3	1	0.000000	758.000000	93.000000	0.000000	0.000000	0	501	0
292	90	1	1	0.000000	22.177778	15.044444	0.000000	0.000000	0	58	0
293	5	2	1	0.000000	90.200000	90.200000	0.000000	0.000000	0	64	0
294	1	1	1	0.000000	23.000000	23.000000	0.000000	0.000000	0	20	0
295	352	0	0	0.000000	19.971591	17.644886	0.000000	0.000000	0	31	0
296	27	2	2	0.000000	147.666667	32.333333	0.000000	0.000000	0	212	0
297	5	1	1	0.000000	171.600000	38.400000	0.000000	0.000000	0	143	0
298	8	1	2	0.000000	193.000000	40.125000	0.000000	0.000000	0	208	0
299	36	1	2	0.000000	219.277778	57.027778	0.000000	0.000000	0	182	0
300	1	1	2	0.000000	363.000000	142.000000	0.000000	0.000000	0	199	0
301	73	1	1	0.000000	22.821918	9.835616	0.000000	0.000000	0	46	0
302	46	1	1	0.000000	11.152174	7.217391	0.000000	0.000000	0	25	0
303	47	1	0	0.000000	11.617021	5.106383	0.000000	0.000000	0	23	0
304	50	1	1	0.000000	14.360000	12.520000	0.000000	0.000000	0	19	0
305	168	2	0	0.000000	28.261905	14.327381	0.000000	0.000000	0	46	0
306	8	1	1	0.000000	27.125000	6.625000	0.000000	0.000000	0	21	0
307	90	1	2	0.000000	37.788889	14.088889	0.000000	0.000000	0	36	0
308	394	0	0	0.000000	11.639594	11.038071	0.000000	0.000000	0	19	0
309	141	0	0	0.000000	15.617021	14.297872	0.000000	0.000000	0	15	0
310	1	2	2	0.000000	547.000000	117.000000	0.000000	0.000000	0	210	0
311	7	2	2	0.000000	83.571429	72.857143	0.000000	0.000000	0	105	0
312	1	3	2	0.000000	2376.000000	5.000000	0.000000	0.000000	0	2283	0
313	56	1	0	0.000000	13.392857	7.071429	0.000000	0.000000	0	905	0
314	0	2	1	Inf	Inf	Inf	Inf	Inf	0	1193	0
315	4	2	1	0.000000	34.000000	34.000000	0.000000	0.000000	0	24	0
316	19	1	1	0.000000	13.578947	13.000000	0.000000	0.000000	0	10	0
317	31	1	2	0.000000	30.677419	16.387097	0.000000	0.000000	0	20	0
318	98	0	0	0.000000	14.663265	12.622449	0.000000	0.000000	0	12	0
319	4	1	1	0.000000	29.750000	29.750000	0.000000	0.000000	0	35	0
320	4	2	1	0.000000	76.250000	74.000000	0.000000	0.000000	0	83	0
321	90	1	1	0.000000	52.322222	26.688889	0.000000	0.000000	0	68	0
322	1	2	1	0.000000	146.000000	134.000000	0.000000	0.000000	0	142	0
323	1	1	2	0.000000	1737.000000	55.000000	0.000000	0.000000	0	1353	0
324	1	1	4	0.000000	1786.000000	61.000000	0.000000	0.000000	0	1578	0
325	1	3	1	0.000000	1471.000000	63.000000	0.000000	0.000000	0	1310	0
326	1	1	2	0.000000	1667.000000	68.000000	0.000000	0.000000	0	1544	0
327	4	8	2	0.000000	1691.750000	37.750000	0.000000	0.000000	0	1647	0
328	3	2	1	0.000000	76.000000	61.000000	0.000000	0.000000	0	81	0
329	1	1	1	0.000000	59.000000	45.000000	0.000000	0.000000	0	59	0
330	49	2	2	0.000000	45.367347	26.612245	0.000000	0.000000	0	103	0
331	60	0	1	0.000000	38.316667	17.683333	0.000000	0.000000	0	41	0
332	1	1	2	0.000000	1438.000000	36.000000	0.000000	0.000000	0	829	0
333	2	2	3	0.000000	1629.000000	20.000000	0.000000	0.000000	0	1091	0
334	63	1	1	0.000000	46.857143	41.174603	0.000000	0.000000	0	37	0
335	3	1	1	0.000000	62.333333	46.666667	0.000000	0.000000	0	29	0
336	8	1	2	0.000000	97.125000	39.125000	0.000000	0.000000	0	40	0
337	11	1	1	0.000000	34.363636	33.363636	0.000000	0.000000	0	42	0
338	6	1	1	0.000000	18.833333	12.500000	0.000000	0.000000	0	725	0
339	57	1	2	0.000000	18.859649	9.684211	0.000000	0.000000	0	62	0
340	1	1	3	0.000000	1303.000000	111.000000	0.000000	0.000000	0	754	0
341	915	0	0	0.000000	12.795628	10.927869	0.000000	0.000000	0	41	0
342	16	1	1	0.000000	53.187500	30.500000	0.000000	0.000000	0	100	0
343	66	1	1	0.000000	22.424242	9.696970	0.000000	0.000000	0	39	0
344	0	1	3	Inf	Inf	Inf	Inf	Inf	0	509	0
345	26	1	1	0.000000	49.423077	37.961538	0.000000	0.000000	0	84	0
346	3	1	1	0.000000	27.333333	25.333333	0.000000	0.000000	0	28	0
347	8	1	2	0.000000	57.125000	23.750000	0.000000	0.000000	0	79	0
348	22	1	1	0.000000	22.545455	4.727273	0.000000	0.000000	0	38	0
349	5	1	2	0.000000	87.800000	26.200000	0.000000	0.000000	0	89	0
350	62	1	1	0.000000	27.467742	11.000000	0.000000	0.000000	0	31	0
351	11	1	1	0.000000	29.181818	29.181818	0.000000	0.000000	0	17	0
352	2	2	4	0.000000	93.500000	52.500000	0.000000	0.000000	0	41	0
353	10	1	1	0.000000	19.900000	17.800000	0.000000	0.000000	0	10	0
354	521	0	0	0.000000	24.785029	22.389635	0.000000	0.000000	0	47	0
355	14	1	1	0.000000	26.285714	6.428571	0.000000	0.000000	0	30	0
356	16	1	1	0.000000	21.062500	18.687500	0.000000	0.000000	0	32	0
357	1	1	1	0.000000	17.000000	17.000000	0.000000	0.000000	0	17	0
358	3	1	1	0.000000	21.666667	21.333333	0.000000	0.000000	0	22	0
359	2	3	1	0.000000	379.500000	5.000000	0.000000	0.000000	0	1213	0
360	99	0	1	0.000000	10.939394	8.929293	0.000000	0.000000	0	15	0
361	7	1	2	0.000000	123.571429	16.428571	0.000000	0.000000	0	98	0
362	104	0	0	0.000000	13.865385	10.596154	0.000000	0.000000	0	13	0
363	18	1	1	0.000000	30.333333	29.555556	0.000000	0.000000	0	39	0
364	3	1	1	0.000000	36.000000	35.666667	0.000000	0.000000	0	35	0
365	1	2	1	0.000000	116.000000	110.000000	0.000000	0.000000	0	116	0
366	1	2	1	0.000000	87.000000	76.000000	0.000000	0.000000	0	81	0
367	5	1	1	0.000000	820.400000	261.600000	0.000000	0.000000	0	726	0
368	68	2	3	0.000000	18.147059	15.794118	0.000000	0.000000	0	53	0
369	7	1	1	0.000000	12.571429	12.571429	0.000000	0.000000	0	9	0
370	6	1	2	0.000000	25.000000	25.000000	0.000000	0.000000	0	17	0
371	375	0	0	0.000000	25.850667	21.165333	0.000000	0.000000	0	42	0
372	22	1	2	0.000000	49.090909	22.727273	0.000000	0.000000	0	63	0
373	23	1	1	0.000000	24.739130	18.695652	0.000000	0.000000	0	37	0
374	2	2	2	0.000000	66.500000	16.000000	0.000000	0.000000	0	1662	0
375	7	3	2	0.000000	55.000000	18.142857	0.000000	0.000000	0	59	0
376	5	1	1	0.000000	10.800000	10.800000	0.000000	0.000000	0	16	0
377	7	1	1	0.000000	10.857143	10.857143	0.000000	0.000000	0	13	0
378	1	1	1	0.000000	23.000000	23.000000	0.000000	0.000000	0	16	0
379	2	1	1	0.000000	26.500000	25.500000	0.000000	0.000000	0	27	0
380	7	1	1	0.000000	14.000000	14.000000	0.000000	0.000000	0	14	0
381	14	2	2	0.000000	16.142857	15.857143	0.000000	0.000000	0	50	0
382	2	2	1	0.000000	67.000000	53.000000	0.000000	0.000000	0	66	0
383	11	1	1	0.000000	17.818182	16.909091	0.000000	0.000000	0	1618	0
384	102	1	1	0.000000	18.078431	10.392157	0.000000	0.000000	0	28	0
385	114	0	1	0.000000	13.535088	7.649123	0.000000	0.000000	0	32	0
386	8	1	1	0.000000	17.625000	17.625000	0.000000	0.000000	0	12	0
387	47	1	1	0.000000	18.808511	10.765957	0.000000	0.000000	0	15	0
388	2	2	1	0.000000	65.000000	65.000000	0.000000	0.000000	0	75	0
389	2	1	1	0.000000	12.500000	12.500000	0.000000	0.000000	0	13	0
390	6	1	1	0.000000	14.333333	14.333333	0.000000	0.000000	0	30	0
391	2	1	2	0.000000	58.500000	27.000000	0.000000	0.000000	0	310	0
392	4	2	3	0.000000	83.250000	49.500000	0.000000	0.000000	0	354	0
393	23	1	1	0.000000	14.434783	14.043478	0.000000	0.000000	0	8	0
394	2	1	2	0.000000	182.000000	32.000000	0.000000	0.000000	0	736	0
395	514	0	0	0.000000	19.239300	18.021401	0.000000	0.000000	0	31	0
396	591	0	0	0.000000	13.560068	12.382403	0.000000	0.000000	0	26	0
397	106	0	0	0.000000	11.509434	10.707547	0.000000	0.000000	0	9	0
398	2	2	1	0.000000	51.000000	51.000000	0.000000	0.000000	0	51	0
399	8	1	1	0.000000	45.125000	42.125000	0.000000	0.000000	0	46	0
400	1	1	2	0.000000	65.000000	59.000000	0.000000	0.000000	0	59	0
401	1	1	2	0.000000	104.000000	92.000000	0.000000	0.000000	0	103	0
402	1	2	2	0.000000	133.000000	119.000000	0.000000	0.000000	0	132	0
403	1	2	1	0.000000	108.000000	96.000000	0.000000	0.000000	0	107	0
404	9	1	1	0.000000	31.666667	27.666667	0.000000	0.000000	0	48	0
405	53	1	0	0.000000	17.245283	5.226415	0.000000	0.000000	0	27	0
406	1	1	1	0.000000	157.000000	61.000000	0.000000	0.000000	0	154	0
407	3	1	1	0.000000	31.333333	31.333333	0.000000	0.000000	0	701	0
408	2	1	2	0.000000	28.000000	28.000000	0.000000	0.000000	0	30	0
409	49	1	1	0.000000	17.938776	7.693878	0.000000	0.000000	0	37	0
410	45	1	1	0.000000	24.711111	8.600000	0.000000	0.000000	0	64	0
411	12	1	1	0.000000	67.833333	67.000000	0.000000	0.000000	0	53	0
412	0	1	2	Inf	Inf	Inf	Inf	Inf	0	81	0
413	47	1	1	0.000000	13.659574	9.340426	0.000000	0.000000	0	21	0
414	26	1	1	0.000000	20.846154	12.115385	0.000000	0.000000	0	27	0
415	1	2	3	0.000000	2304.000000	20.000000	0.000000	0.000000	0	2301	0
416	1	1	1	0.000000	88.000000	30.000000	0.000000	0.000000	0	885	0
417	2	3	1	0.000000	759.500000	404.000000	0.000000	0.000000	0	754	0
418	1	2	1	0.000000	716.000000	402.000000	0.000000	0.000000	0	706	0
419	4	2	2	0.000000	695.750000	213.750000	0.000000	0.000000	0	649	0
420	2	3	1	0.000000	671.000000	398.000000	0.000000	0.000000	0	638	0
421	1	2	1	0.000000	627.000000	395.000000	0.000000	0.000000	0	576	0
422	1	2	1	0.000000	262.000000	262.000000	0.000000	0.000000	0	262	0
423	10	1	3	0.000000	287.000000	205.700000	0.000000	0.000000	0	295	0
424	1	2	3	0.000000	335.000000	231.000000	0.000000	0.000000	0	329	0
425	2	1	1	0.000000	303.500000	217.000000	0.000000	0.000000	0	301	0
426	6	1	1	0.000000	21.166667	21.166667	0.000000	0.000000	0	22	0
427	12	1	1	0.000000	26.000000	26.000000	0.000000	0.000000	0	31	0
428	70	1	1	0.000000	27.171429	13.314286	0.000000	0.000000	0	41	0
429	8	1	1	0.000000	23.625000	22.375000	0.000000	0.000000	0	14	0
430	34	1	1	0.000000	28.147059	13.529412	0.000000	0.000000	0	475	0
431	2	1	1	0.000000	16.500000	16.500000	0.000000	0.000000	0	18	0
432	38	1	1	0.000000	14.842105	7.526316	0.000000	0.000000	0	37	0
433	18	1	1	0.000000	9.944444	6.444444	0.000000	0.000000	0	15	0
434	2	1	1	0.000000	10.000000	10.000000	0.000000	0.000000	0	10	0
435	675	0	0	0.000000	12.090370	11.376296	0.000000	0.000000	0	28	0
436	24	1	1	0.000000	20.541667	16.916667	0.000000	0.000000	0	28	0
437	1	1	1	0.000000	42.000000	42.000000	0.000000	0.000000	0	42	0
438	3	2	1	0.000000	36.000000	30.000000	0.000000	0.000000	0	36	0
439	5	1	1	0.000000	16.000000	15.200000	0.000000	0.000000	0	18	0
440	8	1	1	0.000000	13.750000	13.750000	0.000000	0.000000	0	15	0
441	1	1	2	0.000000	35.000000	35.000000	0.000000	0.000000	0	35	0
442	1	1	1	0.000000	38.000000	31.000000	0.000000	0.000000	0	38	0
443	54	1	0	0.000000	13.370370	10.592593	0.000000	0.000000	0	19	0
444	1	2	2	0.000000	1690.000000	22.000000	0.000000	0.000000	0	1036	0
445	1	2	1	0.000000	64.000000	22.000000	0.000000	0.000000	0	943	0
446	10	2	1	0.000000	32.400000	24.200000	0.000000	0.000000	0	26	0
447	42	1	1	0.000000	14.500000	10.904762	0.000000	0.000000	0	11	0
448	11	1	1	0.000000	29.545455	29.090909	0.000000	0.000000	0	47	0
449	24	1	3	0.000000	60.708333	26.333333	0.000000	0.000000	0	490	0
450	1	1	1	0.000000	38.000000	25.000000	0.000000	0.000000	0	39	0
451	3	2	2	0.000000	57.000000	30.000000	0.000000	0.000000	0	59	0
452	99	1	1	0.000000	22.353535	11.121212	0.000000	0.000000	0	50	0
453	30	1	1	0.000000	27.666667	15.266667	0.000000	0.000000	0	21	0
454	1	2	3	0.000000	192.000000	54.000000	0.000000	0.000000	0	719	0
455	2	1	1	0.000000	13.000000	5.500000	0.000000	0.000000	0	14	0
456	4	2	1	0.000000	21.250000	21.250000	0.000000	0.000000	0	13	0
457	11	2	1	0.000000	24.818182	24.818182	0.000000	0.000000	0	31	0
458	12	1	1	0.000000	12.500000	10.500000	0.000000	0.000000	0	15	0
459	669	0	0	0.000000	20.233184	18.690583	0.000000	0.000000	0	50	0
460	21	1	1	0.000000	28.619048	19.190476	0.000000	0.000000	0	54	0
461	206	0	0	0.000000	13.679612	12.237864	0.000000	0.000000	0	16	0
462	3	2	1	0.000000	850.333333	282.000000	0.000000	0.000000	0	781	0
463	2	1	2	0.000000	968.500000	217.000000	0.000000	0.000000	0	830	0
464	3	5	2	0.000000	988.666667	276.666667	0.000000	0.000000	0	935	0
465	1	2	2	0.000000	396.000000	210.000000	0.000000	0.000000	0	367	0
466	1	2	1	0.000000	353.000000	83.000000	0.000000	0.000000	0	335	0
467	6	2	1	0.000000	316.666667	60.666667	0.000000	0.000000	0	274	0
468	1	1	1	0.000000	267.000000	67.000000	0.000000	0.000000	0	174	0
469	209	0	0	0.000000	30.507177	29.569378	0.000000	0.000000	0	36	0
470	12	1	1	0.000000	27.916667	26.416667	0.000000	0.000000	0	52	0
471	6	1	1	0.000000	54.833333	54.833333	0.000000	0.000000	0	56	0
472	1	2	1	0.000000	370.000000	240.000000	0.000000	0.000000	0	310	0
473	4	1	1	0.000000	42.500000	41.500000	0.000000	0.000000	0	45	0
474	6	1	5	0.000000	842.000000	57.833333	0.000000	0.000000	0	835	0
475	3	2	3	0.000000	965.666667	192.333333	0.000000	0.000000	0	981	0
476	5	1	1	0.000000	127.800000	127.800000	0.000000	0.000000	0	133	0
477	81	1	1	0.000000	14.407407	8.728395	0.000000	0.000000	0	41	0
478	2	1	1	0.000000	852.000000	94.000000	0.000000	0.000000	0	809	0
479	4	2	1	0.000000	359.750000	73.000000	0.000000	0.000000	0	355	0
480	4	1	1	0.000000	319.250000	94.750000	0.000000	0.000000	0	309	0
481	3	2	3	0.000000	403.666667	261.000000	0.000000	0.000000	0	400	0
482	10	1	1	0.000000	16.000000	16.000000	0.000000	0.000000	0	16	0
483	9	1	1	0.000000	30.222222	27.555556	0.000000	0.000000	0	39	0
484	20	1	1	0.000000	53.300000	50.250000	0.000000	0.000000	0	55	0
485	3	1	1	0.000000	9.000000	8.333333	0.000000	0.000000	0	9	0
486	3	1	1	0.000000	55.333333	55.333333	0.000000	0.000000	0	56	0
487	7	2	1	0.000000	36.571429	36.571429	0.000000	0.000000	0	38	0
488	2	1	2	0.000000	63.500000	23.500000	0.000000	0.000000	0	51	0
489	3	1	1	0.000000	10.666667	10.666667	0.000000	0.000000	0	11	0
490	2	1	3	0.000000	60.000000	54.000000	0.000000	0.000000	0	60	0
491	1	2	2	0.000000	91.000000	91.000000	0.000000	0.000000	0	250	0
492	2	1	1	0.000000	53.000000	53.000000	0.000000	0.000000	0	64	0
493	9	1	1	0.000000	10.888889	10.888889	0.000000	0.000000	0	4	0
494	2	6	2	0.000000	1830.500000	24.000000	0.000000	0.000000	0	1000	0
495	2	1	1	0.000000	50.500000	50.500000	0.000000	0.000000	0	54	0
496	6	1	2	0.000000	72.500000	51.166667	0.000000	0.000000	0	84	0
497	2	1	4	0.000000	939.000000	64.500000	0.000000	0.000000	0	895	0
498	1	2	2	0.000000	823.000000	44.000000	0.000000	0.000000	0	784	0
499	2	1	1	0.000000	27.000000	27.000000	0.000000	0.000000	0	30	0
500	1	1	2	0.000000	37.000000	32.000000	0.000000	0.000000	0	37	0
501	2	2	2	0.000000	18.500000	7.000000	0.000000	0.000000	0	20	0
502	2	1	1	0.000000	23.500000	7.500000	0.000000	0.000000	0	24	0
503	1	1	2	0.000000	1637.000000	11.000000	0.000000	0.000000	0	1289	0
504	2	1	2	0.000000	1051.000000	15.500000	0.000000	0.000000	0	1865	0
505	105	0	0	0.000000	10.600000	9.685714	0.000000	0.000000	0	9	0
506	389	0	0	0.000000	24.149100	19.580977	0.000000	0.000000	0	40	0
507	49	1	1	0.000000	20.204082	15.755102	0.000000	0.000000	0	32	0
508	65	1	0	0.000000	11.769231	7.369231	0.000000	0.000000	0	14	0
509	49	1	1	0.000000	20.653061	10.183673	0.000000	0.000000	0	1127	0
510	23	2	1	0.000000	32.347826	28.260870	0.000000	0.000000	0	43	0
511	23	1	1	0.000000	15.956522	15.000000	0.000000	0.000000	0	27	0
512	110	0	1	0.000000	12.381818	8.654545	0.000000	0.000000	0	17	0
513	2	1	2	0.000000	19.000000	19.000000	0.000000	0.000000	0	13	0
514	1	2	2	0.000000	75.000000	30.000000	0.000000	0.000000	0	882	0
515	1	3	2	0.000000	1708.000000	30.000000	0.000000	0.000000	0	963	0
516	220	0	0	0.000000	25.786364	20.900000	0.000000	0.000000	0	26	0
517	10	1	1	0.000000	16.200000	16.200000	0.000000	0.000000	0	23	0
518	0	1	3	Inf	Inf	Inf	Inf	Inf	0	330	0
519	3	1	1	0.000000	43.000000	25.666667	0.000000	0.000000	0	44	0
520	5	1	1	0.000000	16.000000	16.000000	0.000000	0.000000	0	16	0
521	112	1	1	0.000000	14.794643	10.330357	0.000000	0.000000	0	28	0
522	37	1	2	0.000000	15.351351	14.000000	0.000000	0.000000	0	15	0
523	2	1	1	0.000000	21.500000	20.500000	0.000000	0.000000	0	14	0
524	14	1	1	0.000000	21.071429	21.071429	0.000000	0.000000	0	22	0
525	4	1	1	0.000000	106.000000	29.750000	0.000000	0.000000	0	143	0
526	11	1	1	0.000000	48.818182	15.181818	0.000000	0.000000	0	314	0
527	46	1	1	0.000000	33.326087	8.478261	0.000000	0.000000	0	45	0
528	0	4	3	Inf	Inf	Inf	Inf	Inf	0	875	0
529	3	1	1	0.000000	10.666667	10.666667	0.000000	0.000000	0	2	0
530	1	1	1	0.000000	32.000000	32.000000	0.000000	0.000000	0	19	0
531	3	2	3	0.000000	67.666667	28.666667	0.000000	0.000000	0	47	0
532	6	1	1	0.000000	19.666667	19.666667	0.000000	0.000000	0	15	0
533	9	1	2	0.000000	31.777778	31.777778	0.000000	0.000000	0	22	0
534	26	1	1	0.000000	33.538462	33.076923	0.000000	0.000000	0	57	0
535	5	2	2	0.000000	74.800000	46.600000	0.000000	0.000000	0	24	0
536	55	1	1	0.000000	45.872727	33.527273	0.000000	0.000000	0	20	0
537	2	1	1	0.000000	50.500000	35.500000	0.000000	0.000000	0	23	0
538	10	1	1	0.000000	15.000000	15.000000	0.000000	0.000000	0	28	0
539	5	1	1	0.000000	18.000000	18.000000	0.000000	0.000000	0	18	0
540	1	1	2	0.000000	21.000000	11.000000	0.000000	0.000000	0	19	0
541	7	1	2	0.000000	45.571429	27.571429	0.000000	0.000000	0	49	0
542	3	1	2	0.000000	75.333333	27.000000	0.000000	0.000000	0	63	0
543	18	2	1	0.000000	79.500000	30.388889	0.000000	0.000000	0	106	0
544	0	1	2	Inf	Inf	Inf	Inf	Inf	0	52	0
545	11	1	1	0.000000	25.272727	25.000000	0.000000	0.000000	0	28	0
546	3	1	1	0.000000	47.333333	46.333333	0.000000	0.000000	0	50	0
547	14	1	1	0.000000	56.428571	3.785714	0.000000	0.000000	0	37	0
548	814	0	0	0.000000	14.110565	12.814496	0.000000	0.000000	0	45	0
549	28	1	1	0.000000	26.071429	24.821429	0.000000	0.000000	0	32	0
550	53	1	0	0.000000	24.735849	10.396226	0.000000	0.000000	0	47	0
551	0	1	5	Inf	Inf	Inf	Inf	Inf	0	228	0
552	1	2	2	0.000000	850.000000	9.000000	0.000000	0.000000	0	470	0
553	2	1	2	0.000000	963.500000	15.000000	0.000000	0.000000	0	1436	0
554	89	1	0	0.000000	17.685393	6.966292	0.000000	0.000000	0	29	0
555	0	2	1	Inf	Inf	Inf	Inf	Inf	0	411	0
556	1	1	1	0.000000	216.000000	176.000000	0.000000	0.000000	0	411	0
557	1	1	1	0.000000	15.000000	15.000000	0.000000	0.000000	0	4	0
558	12	1	2	0.000000	25.000000	21.333333	0.000000	0.000000	0	12	0
559	1	2	1	0.000000	36.000000	15.000000	0.000000	0.000000	0	36	0
560	1	1	1	0.000000	10.000000	10.000000	0.000000	0.000000	0	10	0
561	59	1	0	0.000000	17.762712	8.101695	0.000000	0.000000	0	102	0
562	15	1	1	0.000000	12.266667	11.400000	0.000000	0.000000	0	16	0
563	2	2	1	0.000000	56.000000	49.000000	0.000000	0.000000	0	49	0
564	1	1	1	0.000000	38.000000	38.000000	0.000000	0.000000	0	38	0
565	3	1	1	0.000000	47.333333	47.333333	0.000000	0.000000	0	50	0
566	91	1	2	0.000000	41.945055	23.868132	0.000000	0.000000	0	68	0
567	0	1	3	Inf	Inf	Inf	Inf	Inf	0	947	0
568	13	1	1	0.000000	13.538462	11.153846	0.000000	0.000000	0	9	0
569	2	2	1	0.000000	181.000000	39.000000	0.000000	0.000000	0	110	0
570	21	1	1	0.000000	45.190476	20.714286	0.000000	0.000000	0	34	0
571	282	0	0	0.000000	9.248227	8.482270	0.000000	0.000000	0	14	0
572	70	0	0	0.000000	10.000000	7.100000	0.000000	0.000000	0	7	0
573	41	1	1	0.000000	37.121951	31.878049	0.000000	0.000000	0	11	0
574	381	0	0	0.000000	13.958005	12.608924	0.000000	0.000000	0	23	0
575	151	0	0	0.000000	14.841060	13.860927	0.000000	0.000000	0	14	0
576	1	1	1	0.000000	54.000000	39.000000	0.000000	0.000000	0	41	0
577	1	1	5	0.000000	1482.000000	30.000000	0.000000	0.000000	0	1286	0
578	1	4	4	0.000000	429.000000	134.000000	0.000000	0.000000	0	416	0
579	6	1	1	0.000000	12.666667	10.333333	0.000000	0.000000	0	18	0
580	23	1	1	0.000000	21.304348	15.391304	0.000000	0.000000	0	7	0
581	15	2	2	0.000000	37.666667	16.866667	0.000000	0.000000	0	8	0
582	23	1	1	0.000000	16.000000	12.260870	0.000000	0.000000	0	5	0
583	23	1	1	0.000000	20.956522	20.956522	0.000000	0.000000	0	27	0
584	1	1	1	0.000000	9.000000	9.000000	0.000000	0.000000	0	9	0
585	8	2	1	0.000000	50.750000	13.500000	0.000000	0.000000	0	60	0
586	45	1	1	0.000000	15.555556	10.488889	0.000000	0.000000	0	26	0
587	22	1	1	0.000000	27.636364	16.454545	0.000000	0.000000	0	24	0
588	2	1	2	0.000000	81.000000	25.500000	0.000000	0.000000	0	51	0
589	15	1	1	0.000000	17.733333	12.466667	0.000000	0.000000	0	13	0
590	1	1	2	0.000000	329.000000	69.000000	0.000000	0.000000	0	299	0
591	10	1	1	0.000000	11.200000	11.200000	0.000000	0.000000	0	15	0
592	2	1	2	0.000000	27.500000	27.500000	0.000000	0.000000	0	28	0
593	50	1	0	0.000000	13.420000	4.420000	0.000000	0.000000	0	15	0
594	1	2	4	0.000000	473.000000	9.000000	0.000000	0.000000	0	394	0
595	1	1	1	0.000000	17.000000	17.000000	0.000000	0.000000	0	16	0
596	2	2	2	0.000000	265.000000	137.500000	0.000000	0.000000	0	266	0
597	38	1	1	0.000000	21.526316	10.736842	0.000000	0.000000	0	28	0
598	4	1	1	0.000000	34.250000	27.500000	0.000000	0.000000	0	35	0
599	2	1	1	0.000000	10.000000	10.000000	0.000000	0.000000	0	10	0
600	1	2	1	0.000000	23.000000	23.000000	0.000000	0.000000	0	23	0
601	1	2	2	0.000000	115.000000	71.000000	0.000000	0.000000	0	75	0
602	1	1	1	0.000000	17.000000	17.000000	0.000000	0.000000	0	17	0
603	19	2	1	0.000000	113.052632	15.315789	0.000000	0.000000	0	1193	0
604	1	1	2	0.000000	123.000000	32.000000	0.000000	0.000000	0	795	0
605	10	2	1	0.000000	21.200000	21.200000	0.000000	0.000000	0	23	0
606	1	1	1	0.000000	11.000000	11.000000	0.000000	0.000000	0	11	0
607	162	0	0	0.000000	13.604938	11.160494	0.000000	0.000000	0	12	0
608	2	1	2	0.000000	13.000000	10.000000	0.000000	0.000000	0	15	0
609	4	1	1	0.000000	53.750000	53.500000	0.000000	0.000000	0	60	0
610	3	1	2	0.000000	266.333333	53.666667	0.000000	0.000000	0	207	0
611	2	1	3	0.000000	479.000000	28.000000	0.000000	0.000000	0	299	0
612	23	1	1	0.000000	10.956522	8.913043	0.000000	0.000000	0	21	0
613	0	1	1	Inf	Inf	Inf	Inf	Inf	0	1112	0
614	3	1	1	0.000000	11.000000	10.333333	0.000000	0.000000	0	8	0
615	2	1	1	0.000000	26.000000	26.000000	0.000000	0.000000	0	190	0
616	1	5	1	0.000000	2013.000000	32.000000	0.000000	0.000000	0	1841	0
617	0	7	1	Inf	Inf	Inf	Inf	Inf	0	1594	0
618	6	1	1	0.000000	22.666667	22.666667	0.000000	0.000000	0	32	0
619	8	1	1	0.000000	11.375000	11.375000	0.000000	0.000000	0	16	0
620	5	1	1	0.000000	27.400000	6.600000	0.000000	0.000000	0	1626	0
621	1	1	1	0.000000	13.000000	13.000000	0.000000	0.000000	0	13	0
622	2	1	1	0.000000	20.000000	20.000000	0.000000	0.000000	0	20	0
623	60	1	1	0.000000	28.733333	17.416667	0.000000	0.000000	0	44	0
624	4	1	1	0.000000	19.250000	19.250000	0.000000	0.000000	0	23	0
625	8	1	1	0.000000	9.375000	9.375000	0.000000	0.000000	0	7	0
626	39	1	1	0.000000	29.153846	16.794872	0.000000	0.000000	0	19	0
627	45	1	1	0.000000	16.177778	11.111111	0.000000	0.000000	0	27	0
628	5	1	2	0.000000	35.800000	34.200000	0.000000	0.000000	0	26	0
629	15	1	2	0.000000	39.333333	14.400000	0.000000	0.000000	0	46	0
630	46	1	1	0.000000	24.608696	14.195652	0.000000	0.000000	0	39	0
631	83	2	0	0.000000	20.746988	12.481928	0.000000	0.000000	0	25	0
632	12	1	1	0.000000	11.750000	7.833333	0.000000	0.000000	0	12	0
633	1	4	2	0.000000	2333.000000	9.000000	0.000000	0.000000	0	2104	0
634	8	1	2	0.000000	26.125000	20.125000	0.000000	0.000000	0	25	0
635	1	1	3	0.000000	54.000000	14.000000	0.000000	0.000000	0	51	0
636	1	1	2	0.000000	271.000000	23.000000	0.000000	0.000000	0	1145	0
637	18	1	1	0.000000	13.888889	13.888889	0.000000	0.000000	0	18	0
638	8	1	1	0.000000	9.875000	9.875000	0.000000	0.000000	0	10	0
639	11	1	1	0.000000	25.454545	25.454545	0.000000	0.000000	0	27	0
640	9	1	1	0.000000	10.333333	10.333333	0.000000	0.000000	0	11	0
641	6	1	1	0.000000	32.833333	30.166667	0.000000	0.000000	0	279	0
642	1	2	1	0.000000	85.000000	41.000000	0.000000	0.000000	0	45	0
643	109	0	0	0.000000	9.110092	8.899083	0.000000	0.000000	0	7	0
644	8	1	2	0.000000	42.375000	29.750000	0.000000	0.000000	0	46	0
645	5	2	2	0.000000	82.400000	61.600000	0.000000	0.000000	0	81	0
646	2	1	1	0.000000	55.000000	24.500000	0.000000	0.000000	0	45	0
647	1	2	2	0.000000	80.000000	34.000000	0.000000	0.000000	0	79	0
648	1	1	1	0.000000	15.000000	15.000000	0.000000	0.000000	0	15	0
649	16	1	1	0.000000	14.312500	12.875000	0.000000	0.000000	0	15	0
650	24	2	1	0.000000	49.958333	42.666667	0.000000	0.000000	0	63	0
651	3	1	1	0.000000	39.000000	31.666667	0.000000	0.000000	0	33	0
652	91	1	1	0.000000	27.065934	13.120879	0.000000	0.000000	0	46	0
653	1	1	2	0.000000	78.000000	43.000000	0.000000	0.000000	0	30	0
654	6	1	1	0.000000	35.333333	34.666667	0.000000	0.000000	0	19	0
655	25	1	2	0.000000	27.920000	25.120000	0.000000	0.000000	0	34	0
656	2	1	1	0.000000	15.000000	15.000000	0.000000	0.000000	0	16	0
657	20	1	1	0.000000	24.450000	24.450000	0.000000	0.000000	0	28	0
658	1	1	1	0.000000	19.000000	19.000000	0.000000	0.000000	0	19	0
659	4	1	1	0.000000	25.750000	17.500000	0.000000	0.000000	0	29	0
660	1	1	3	0.000000	2001.000000	15.000000	0.000000	0.000000	0	1183	0
661	7	1	1	0.000000	19.142857	16.285714	0.000000	0.000000	0	21	0
662	3	1	2	0.000000	275.333333	41.333333	0.000000	0.000000	0	142	0
663	23	1	1	0.000000	14.565217	5.565217	0.000000	0.000000	0	21	0
664	246	0	0	0.000000	13.105691	12.373984	0.000000	0.000000	0	14	0
665	1	1	5	0.000000	1543.000000	18.000000	0.000000	0.000000	0	924	0
666	10	1	1	0.000000	10.000000	10.000000	0.000000	0.000000	0	14	0
667	1	2	2	0.000000	553.000000	12.000000	0.000000	0.000000	0	177	0
668	1	1	1	0.000000	523.000000	17.000000	0.000000	0.000000	0	253	0
669	20	1	1	0.000000	16.450000	12.900000	0.000000	0.000000	0	14	0
670	1	2	2	0.000000	60.000000	16.000000	0.000000	0.000000	0	9	0
671	0	2	1	Inf	Inf	Inf	Inf	Inf	0	1443	0
672	2	1	1	0.000000	12.000000	12.000000	0.000000	0.000000	0	12	0
673	1	1	1	0.000000	9.000000	9.000000	0.000000	0.000000	0	9	0
674	1	1	1	0.000000	9.000000	9.000000	0.000000	0.000000	0	9	0
675	10	1	2	0.000000	18.200000	14.200000	0.000000	0.000000	0	23	0
676	33	1	1	0.000000	15.575758	9.333333	0.000000	0.000000	0	20	0
677	23	1	1	0.000000	15.130435	12.478261	0.000000	0.000000	0	16	0
678	118	0	1	0.000000	14.025424	5.550847	0.000000	0.000000	0	21	0
679	52	1	0	0.000000	17.269231	10.788462	0.000000	0.000000	0	16	0
680	23	1	1	0.000000	14.869565	12.434783	0.000000	0.000000	0	18	0
681	22	1	1	0.000000	22.954545	7.090909	0.000000	0.000000	0	31	0
682	1	1	1	0.000000	10.000000	10.000000	0.000000	0.000000	0	8	0
683	1	1	2	0.000000	1744.000000	21.000000	0.000000	0.000000	0	878	0
684	37	1	1	0.000000	10.783784	8.648649	0.000000	0.000000	0	13	0
685	8	1	1	0.000000	24.000000	24.000000	0.000000	0.000000	0	24	0
686	71	1	1	0.000000	12.112676	9.887324	0.000000	0.000000	0	14	0
687	1	1	1	0.000000	30.000000	30.000000	0.000000	0.000000	0	1442	0
688	1	1	2	0.000000	72.000000	16.000000	0.000000	0.000000	0	58	0
689	5	1	1	0.000000	11.000000	10.000000	0.000000	0.000000	0	12	0
690	16	1	1	0.000000	18.750000	18.750000	0.000000	0.000000	0	5	0
691	11	1	1	0.000000	12.909091	12.909091	0.000000	0.000000	0	15	0
692	0	1	1	Inf	Inf	Inf	Inf	Inf	0	1645	0
693	0	1	1	Inf	Inf	Inf	Inf	Inf	0	1686	0
694	1	1	1	0.000000	153.000000	24.000000	0.000000	0.000000	0	157	0
695	2	1	1	0.000000	42.500000	9.500000	0.000000	0.000000	0	41	0
696	0	6	1	Inf	Inf	Inf	Inf	Inf	0	818	0
697	1	2	1	0.000000	293.000000	41.000000	0.000000	0.000000	0	703	0
698	10	1	1	0.000000	11.200000	10.600000	0.000000	0.000000	0	7	0
699	6	1	1	0.000000	29.833333	16.833333	0.000000	0.000000	0	10	0
700	2	4	1	0.000000	945.500000	21.000000	0.000000	0.000000	0	135	0
701	301	0	0	0.000000	15.159468	14.441860	0.000000	0.000000	0	15	0
702	2	1	1	0.000000	12.000000	12.000000	0.000000	0.000000	0	14	0
703	1	1	1	0.000000	22.000000	22.000000	0.000000	0.000000	0	22	0
704	1	1	2	0.000000	98.000000	13.000000	0.000000	0.000000	0	14	0
705	12	1	1	0.000000	27.166667	27.166667	0.000000	0.000000	0	40	0
706	74	1	1	0.000000	20.216216	13.472973	0.000000	0.000000	0	33	0
707	92	1	0	0.000000	16.717391	8.445652	0.000000	0.000000	0	26	0
708	4	1	1	0.000000	21.000000	20.750000	0.000000	0.000000	0	22	0
709	11	1	1	0.000000	9.181818	9.181818	0.000000	0.000000	0	9	0
710	14	1	1	0.000000	13.642857	13.642857	0.000000	0.000000	0	180	0
711	1	1	1	0.000000	672.000000	4.000000	0.000000	0.000000	0	533	0
712	7	1	1	0.000000	13.714286	13.714286	0.000000	0.000000	0	8	0
713	32	1	1	0.000000	17.781250	16.781250	0.000000	0.000000	0	16	0
714	275	0	0	0.000000	9.963636	9.814545	0.000000	0.000000	0	15	0
715	125	0	0	0.000000	11.952000	11.056000	0.000000	0.000000	0	10	0
716	14	1	1	0.000000	13.642857	13.642857	0.000000	0.000000	0	19	0
717	10	1	1	0.000000	14.600000	14.600000	0.000000	0.000000	0	21	0
718	8	1	1	0.000000	19.750000	19.750000	0.000000	0.000000	0	22	0
719	6	1	2	0.000000	32.166667	15.500000	0.000000	0.000000	0	197	0
720	14	1	1	0.000000	12.642857	11.500000	0.000000	0.000000	0	13	0
721	181	0	0	0.000000	11.651934	10.801105	0.000000	0.000000	0	7	0
722	1	1	1	0.000000	434.000000	24.000000	0.000000	0.000000	0	414	0
723	9	1	1	0.000000	33.333333	25.000000	0.000000	0.000000	0	27	0
724	4	1	1	0.000000	22.000000	22.000000	0.000000	0.000000	0	23	0
725	2	4	2	0.000000	1951.000000	23.500000	0.000000	0.000000	0	1062	0
726	2	2	3	0.000000	38.000000	26.000000	0.000000	0.000000	0	1	0
727	1	3	3	0.000000	1615.000000	19.000000	0.000000	0.000000	0	1377	0
728	1	1	2	0.000000	2701.000000	36.000000	0.000000	0.000000	0	1520	0
729	0	1	2	Inf	Inf	Inf	Inf	Inf	0	10	0
730	46	1	1	0.000000	13.239130	9.521739	0.000000	0.000000	0	5	0
731	2	1	2	0.000000	32.000000	25.000000	0.000000	0.000000	0	31	0
732	5	1	1	0.000000	14.200000	14.200000	0.000000	0.000000	0	15	0
733	14	1	1	0.000000	11.785714	8.928571	0.000000	0.000000	0	19	0
734	1	1	1	0.000000	16.000000	16.000000	0.000000	0.000000	0	176	0
735	3	1	1	0.000000	19.000000	4.666667	0.000000	0.000000	0	22	0
736	2	2	2	0.000000	34.000000	17.000000	0.000000	0.000000	0	35	0
737	90	0	0	0.000000	11.444444	9.222222	0.000000	0.000000	0	20	0
738	7	1	1	0.000000	11.000000	11.000000	0.000000	0.000000	0	12	0
739	1	1	1	0.000000	9.000000	9.000000	0.000000	0.000000	0	9	0
740	6	1	1	0.000000	11.666667	6.666667	0.000000	0.000000	0	12	0
741	20	1	1	0.000000	17.350000	14.150000	0.000000	0.000000	0	20	0
742	1	2	1	0.000000	23.000000	23.000000	0.000000	0.000000	0	23	0
743	1	4	1	0.000000	1537.000000	2.000000	0.000000	0.000000	0	913	0
744	3	1	1	0.000000	12.000000	11.333333	0.000000	0.000000	0	13	0
745	1	1	1	0.000000	24.000000	24.000000	0.000000	0.000000	0	24	0
746	12	1	1	0.000000	17.750000	17.750000	0.000000	0.000000	0	22	0
747	1	1	1	0.000000	14.000000	13.000000	0.000000	0.000000	0	13	0
748	3	1	1	0.000000	12.000000	12.000000	0.000000	0.000000	0	6	0
749	9	1	1	0.000000	24.444444	18.111111	0.000000	0.000000	0	10	0
750	1	5	4	0.000000	2104.000000	4.000000	0.000000	0.000000	0	1898	0
751	0	2	1	Inf	Inf	Inf	Inf	Inf	0	1396	0
752	1	3	1	0.000000	571.000000	6.000000	0.000000	0.000000	0	1240	0
753	1	2	1	0.000000	669.000000	6.000000	0.000000	0.000000	0	1394	0
754	1	1	2	0.000000	106.000000	4.000000	0.000000	0.000000	0	805	0
755	0	1	4	Inf	Inf	Inf	Inf	Inf	0	1331	0
756	23	1	1	0.000000	14.652174	14.652174	0.000000	0.000000	0	17	0
757	7	1	1	0.000000	9.000000	6.428571	0.000000	0.000000	0	9	0
758	22	1	1	0.000000	15.272727	4.227273	0.000000	0.000000	0	8	0
759	1	2	2	0.000000	538.000000	4.000000	0.000000	0.000000	0	792	0
760	2	1	2	0.000000	74.000000	11.500000	0.000000	0.000000	0	54	0
761	0	1	3	Inf	Inf	Inf	Inf	Inf	0	476	0
762	13	1	1	0.000000	19.846154	10.307692	0.000000	0.000000	0	47	0
763	1	1	1	0.000000	16.000000	16.000000	0.000000	0.000000	0	16	0
764	4	1	1	0.000000	16.000000	16.000000	0.000000	0.000000	0	16	0
765	9	1	1	0.000000	10.666667	9.777778	0.000000	0.000000	0	12	0
766	10	1	1	0.000000	10.600000	10.600000	0.000000	0.000000	0	5	0
767	3	1	1	0.000000	11.000000	11.000000	0.000000	0.000000	0	11	0
768	11	1	1	0.000000	11.818182	11.818182	0.000000	0.000000	0	7	0
769	67	0	0	0.000000	10.582090	7.223881	0.000000	0.000000	0	7	0
770	1	1	1	0.000000	9.000000	9.000000	0.000000	0.000000	0	9	0
771	3	1	1	0.000000	9.000000	9.000000	0.000000	0.000000	0	9	0
772	1	1	2	0.000000	1248.000000	2.000000	0.000000	0.000000	0	776	0
773	15	1	1	0.000000	10.600000	9.866667	0.000000	0.000000	0	14	0
774	1	1	1	0.000000	1655.000000	11.000000	0.000000	0.000000	0	837	0
775	23	1	1	0.000000	11.000000	11.000000	0.000000	0.000000	0	3	0
776	1	1	1	0.000000	20.000000	20.000000	0.000000	0.000000	0	20	0
777	1	1	1	0.000000	1670.000000	5.000000	0.000000	0.000000	0	1387	0
778	1	2	1	0.000000	1718.000000	5.000000	0.000000	0.000000	0	1426	0
779	1	2	2	0.000000	1725.000000	4.000000	0.000000	0.000000	0	1112	0
780	1	3	6	0.000000	915.000000	4.000000	0.000000	0.000000	0	1646	0
781	1	2	1	0.000000	462.000000	9.000000	0.000000	0.000000	0	334	0
782	0	1	1	Inf	Inf	Inf	Inf	Inf	0	1193	0
783	1	1	1	0.000000	11.000000	11.000000	0.000000	0.000000	0	11	0
784	2	1	1	0.000000	12.500000	12.500000	0.000000	0.000000	0	13	0
785	40	1	1	0.000000	11.900000	10.175000	0.000000	0.000000	0	4	0
786	14	1	1	0.000000	9.857143	6.642857	0.000000	0.000000	0	11	0
787	3	1	1	0.000000	12.333333	10.666667	0.000000	0.000000	0	13	0
788	1	2	2	0.000000	1742.000000	3.000000	0.000000	0.000000	0	970	0
789	3	1	1	0.000000	10.000000	9.000000	0.000000	0.000000	0	10	0
790	26	1	1	0.000000	18.461538	12.269231	0.000000	0.000000	0	11	0
791	19	1	1	0.000000	9.578947	9.578947	0.000000	0.000000	0	1	0
792	1	2	3	0.000000	1430.000000	2.000000	0.000000	0.000000	0	499	0
793	1	1	2	0.000000	28.000000	28.000000	0.000000	0.000000	0	10	0
